## [iView]
## Converted from:	F:\simpleImp\data\140411-07-L1-eye_data.idf
## Date:	11.04.2014 18:57:26
## Version:	IDF Converter 3.0.14
## IDF Version:	9
## Sample Rate:	120
## Separator Type:	Msg
## Trial Count:	1
## Uses Plane File:	False
## Number of Samples:	1393                                                                                                                                                                                                                                                            
## Reversed:	none
## [Run]
## Subject:	140411-07-L1-eye_data                                                                                                                                                                                                                                           
## Description:	                                                                                                                                                                                                                                                                
## [Calibration]
## Calibration Type:	2-point
## Calibration Area:	1600	1200
## Calibration Point 0:	Position(320;240)
## Calibration Point 1:	Position(1280;960)
## [Geometry]
## Stimulus Dimension [mm]:	474	297
## Head Distance [mm]:	700
## [Hardware Setup]
## System ID:	IVR-X-1140-06110-SMU
## Operating System :	5.1
## iView X Version:	2.7.13
## [Filter Settings]
## Heuristic:	False
## Heuristic Stage:	0
## Bilateral:	True
## Gaze Cursor Filter:	True
## Saccade Length [px]:	80
## Filter Depth [ms]:	20
## Format:	LEFT, RIGHT, POR, MSG, FRAMECOUNTER
## 
Time	Type	Trial	L POR X [px]	L POR Y [px]	R POR X [px]	R POR Y [px]	Frame	Aux1
5800057775	SMP	1	506.06	-81.90	506.06	-81.90	-1	
5800066184	SMP	1	512.82	-74.65	512.82	-74.65	-1	
5800074573	SMP	1	507.31	-86.73	507.31	-86.73	-1	
5800082910	SMP	1	502.87	-82.96	502.87	-82.96	-1	
5800091133	SMP	1	505.86	14.75	505.86	14.75	-1	
5800099509	SMP	1	495.49	-0.68	495.49	-0.68	-1	
5800107871	SMP	1	497.01	19.52	497.01	19.52	-1	
5800116256	SMP	1	473.45	145.55	473.45	145.55	-1	
5800124504	SMP	1	362.74	46.55	362.74	46.55	-1	
5800132876	SMP	1	328.16	126.22	328.16	126.22	-1	
5800141253	SMP	1	331.72	154.12	331.72	154.12	-1	
5800149623	SMP	1	323.59	135.39	323.59	135.39	-1	
5800157875	SMP	1	322.08	138.73	322.08	138.73	-1	
5800166254	SMP	1	334.67	147.26	334.67	147.26	-1	
5800174667	SMP	1	324.23	140.52	324.23	140.52	-1	
5800182932	SMP	1	323.12	153.32	323.12	153.32	-1	
5800191315	SMP	1	323.98	135.32	323.98	135.32	-1	
5800199677	SMP	1	327.16	145.39	327.16	145.39	-1	
5800208056	SMP	1	322.63	130.40	322.63	130.40	-1	
5800216310	SMP	1	320.80	115.70	320.80	115.70	-1	
5800241420	SMP	1	324.00	131.59	324.00	131.59	-1	
5800249647	SMP	1	327.77	127.04	327.77	127.04	-1	
5800258031	SMP	1	332.01	122.89	332.01	122.89	-1	
5800266413	SMP	1	329.34	120.44	329.34	120.44	-1	
5800274778	SMP	1	329.45	249.86	329.45	249.86	-1	
5800283073	SMP	1	328.60	141.42	328.60	141.42	-1	
5800291406	SMP	1	332.46	182.63	332.46	182.63	-1	
5800299785	SMP	1	330.70	179.60	330.70	179.60	-1	
5800308005	SMP	1	336.41	111.39	336.41	111.39	-1	
5800316390	SMP	1	333.88	101.33	333.88	101.33	-1	
5800324747	SMP	1	336.15	118.59	336.15	118.59	-1	
5800333120	SMP	1	337.74	122.67	337.74	122.67	-1	
5800341364	SMP	1	340.96	156.99	340.96	156.99	-1	
5800349742	SMP	1	337.28	169.57	337.28	169.57	-1	
5800358109	SMP	1	579.39	167.70	579.39	167.70	-1	
5800366487	SMP	1	348.37	178.20	348.37	178.20	-1	
5800374736	SMP	1	337.04	131.37	337.04	131.37	-1	
5800383113	SMP	1	341.61	132.90	341.61	132.90	-1	
5800391481	SMP	1	348.61	197.27	348.61	197.27	-1	
5800399867	SMP	1	332.40	125.16	332.40	125.16	-1	
5800408107	SMP	1	337.97	142.73	337.97	142.73	-1	
5800416520	SMP	1	329.27	137.67	329.27	137.67	-1	
5800424877	SMP	1	338.12	206.42	338.12	206.42	-1	
5800433121	SMP	1	358.03	220.16	358.03	220.16	-1	
5800441481	SMP	1	334.48	139.69	334.48	139.69	-1	
5800449860	SMP	1	326.36	133.83	326.36	133.83	-1	
5800458228	SMP	1	323.83	128.10	323.83	128.10	-1	
5800466483	SMP	1	333.03	153.11	333.03	153.11	-1	
5800474857	SMP	1	328.33	126.14	328.33	126.14	-1	
5800483266	SMP	1	333.25	130.54	333.25	130.54	-1	
5800491624	SMP	1	325.00	15.17	325.00	15.17	-1	
5800499868	SMP	1	335.88	188.33	335.88	188.33	-1	
5800508228	SMP	1	334.78	183.81	334.78	183.81	-1	
5800516608	SMP	1	336.14	147.45	336.14	147.45	-1	
5800525070	SMP	1	328.82	132.68	328.82	132.68	-1	
5800533341	SMP	1	322.84	141.12	322.84	141.12	-1	
5800541656	SMP	1	328.03	135.44	328.03	135.44	-1	
5800550099	SMP	1	314.61	177.96	314.61	177.96	-1	
5800558286	SMP	1	211.35	146.61	211.35	146.61	-1	
5800566658	SMP	1	156.37	274.65	156.37	274.65	-1	
5800575036	SMP	1	147.62	218.21	147.62	218.21	-1	
5800583420	SMP	1	42.00	350.31	42.00	350.31	-1	
5800591660	SMP	1	44.94	466.90	44.94	466.90	-1	
5800600037	SMP	1	140.61	316.34	140.61	316.34	-1	
5800608372	SMP	1	93.00	513.79	93.00	513.79	-1	
5800616784	SMP	1	87.19	358.09	87.19	358.09	-1	
5800625039	SMP	1	-70.69	350.54	-70.69	350.54	-1	
5800633412	SMP	1	-1.89	352.42	-1.89	352.42	-1	
5800641729	SMP	1	31.22	349.76	31.22	349.76	-1	
5800650153	SMP	1	69.08	275.67	69.08	275.67	-1	
5800658406	SMP	1	76.37	353.15	76.37	353.15	-1	
5800666780	SMP	1	93.91	352.73	93.91	352.73	-1	
5800675167	SMP	1	92.22	447.99	92.22	447.99	-1	
5800683487	SMP	1	95.67	402.12	95.67	402.12	-1	
5800691789	SMP	1	104.21	320.33	104.21	320.33	-1	
5800700160	SMP	1	60.55	471.96	60.55	471.96	-1	
5800708522	SMP	1	48.11	465.33	48.11	465.33	-1	
5800716776	SMP	1	601.15	275.25	601.15	275.25	-1	
5800725147	SMP	1	-3.83	290.77	-3.83	290.77	-1	
5800733524	SMP	1	-20.99	315.82	-20.99	315.82	-1	
5800741902	SMP	1	-17.73	353.78	-17.73	353.78	-1	
5800750157	SMP	1	53.28	436.86	53.28	436.86	-1	
5800758524	SMP	1	80.81	416.97	80.81	416.97	-1	
5800766901	SMP	1	-22.31	317.10	-22.31	317.10	-1	
5800775280	SMP	1	-10.60	326.38	-10.60	326.38	-1	
5800783527	SMP	1	330.82	427.01	330.82	427.01	-1	
5800791899	SMP	1	61.52	285.77	61.52	285.77	-1	
5800800277	SMP	1	56.52	410.78	56.52	410.78	-1	
5800808655	SMP	1	31.82	544.52	31.82	544.52	-1	
5800816899	SMP	1	69.71	391.11	69.71	391.11	-1	
5800825254	SMP	1	25.53	411.99	25.53	411.99	-1	
5800833605	SMP	1	-44.71	388.71	-44.71	388.71	-1	
5800842024	SMP	1	56.07	409.89	56.07	409.89	-1	
5800850316	SMP	1	59.31	321.72	59.31	321.72	-1	
5800858641	SMP	1	304.64	417.82	304.64	417.82	-1	
5800867078	SMP	1	368.08	382.64	368.08	382.64	-1	
5800875299	SMP	1	525.64	351.56	525.64	351.56	-1	
5800883662	SMP	1	640.33	335.97	640.33	335.97	-1	
5800892055	SMP	1	747.56	347.12	747.56	347.12	-1	
5800900439	SMP	1	856.02	343.15	856.02	343.15	-1	
5800908677	SMP	1	935.31	356.46	935.31	356.46	-1	
5800917147	SMP	1	1031.24	359.52	1031.24	359.52	-1	
5800925396	SMP	1	1099.61	347.17	1099.61	347.17	-1	
5800933738	SMP	1	1099.81	345.81	1099.81	345.81	-1	
5800941969	SMP	1	1101.48	344.89	1101.48	344.89	-1	
5800950410	SMP	1	1106.00	340.58	1106.00	340.58	-1	
5800958775	SMP	1	1104.21	343.67	1104.21	343.67	-1	
5800967035	SMP	1	1107.32	351.87	1107.32	351.87	-1	
5800975407	SMP	1	1104.44	349.92	1104.44	349.92	-1	
5800983759	SMP	1	1104.75	354.27	1104.75	354.27	-1	
5800992152	SMP	1	1104.17	348.04	1104.17	348.04	-1	
5801000410	SMP	1	1100.28	350.87	1100.28	350.87	-1	
5801008784	SMP	1	1102.81	359.71	1102.81	359.71	-1	
5801017117	SMP	1	1103.46	373.36	1103.46	373.36	-1	
5801025537	SMP	1	1105.39	371.35	1105.39	371.35	-1	
5801033729	SMP	1	1105.28	353.09	1105.28	353.09	-1	
5801042152	SMP	1	1105.60	345.86	1105.60	345.86	-1	
5801050535	SMP	1	1107.60	332.44	1107.60	332.44	-1	
5801058866	SMP	1	1106.11	346.64	1106.11	346.64	-1	
5801067094	SMP	1	1103.09	337.46	1103.09	337.46	-1	
5801075522	SMP	1	1103.62	339.26	1103.62	339.26	-1	
5801083904	SMP	1	1100.27	356.22	1100.27	356.22	-1	
5801092285	SMP	1	1104.04	386.37	1104.04	386.37	-1	
5801100500	SMP	1	1104.29	359.88	1104.29	359.88	-1	
5801108898	SMP	1	1104.45	366.43	1104.45	366.43	-1	
5801117278	SMP	1	1100.10	347.22	1100.10	347.22	-1	
5801125525	SMP	1	1099.18	344.90	1099.18	344.90	-1	
5801133923	SMP	1	1096.61	360.06	1096.61	360.06	-1	
5801142254	SMP	1	1096.51	351.39	1096.51	351.39	-1	
5801150649	SMP	1	1096.89	345.17	1096.89	345.17	-1	
5801158894	SMP	1	1096.83	370.83	1096.83	370.83	-1	
5801167273	SMP	1	1096.99	359.34	1096.99	359.34	-1	
5801175647	SMP	1	1093.51	382.48	1093.51	382.48	-1	
5801184052	SMP	1	1070.64	484.34	1070.64	484.34	-1	
5801192299	SMP	1	1053.44	477.43	1053.44	477.43	-1	
5801200686	SMP	1	1037.22	485.53	1037.22	485.53	-1	
5801209034	SMP	1	1042.78	477.98	1042.78	477.98	-1	
5801604871	MSG	1	# Message: elmo_duck.avi
5801609400	SMP	1	1018.99	522.51	1018.99	522.51	-1	
5801617754	SMP	1	1018.78	513.62	1018.78	513.62	-1	
5801626158	SMP	1	1018.60	509.40	1018.60	509.40	-1	
5801634452	SMP	1	1018.12	516.90	1018.12	516.90	-1	
5801642805	SMP	1	1018.34	522.91	1018.34	522.91	-1	
5801651178	SMP	1	1018.42	510.67	1018.42	510.67	-1	
5801659610	SMP	1	1019.32	522.62	1019.32	522.62	-1	
5801667790	SMP	1	1016.81	519.15	1016.81	519.15	-1	
5801676208	SMP	1	1016.50	522.49	1016.50	522.49	-1	
5801684540	SMP	1	1017.32	518.63	1017.32	518.63	-1	
5801692920	SMP	1	1016.10	517.09	1016.10	517.09	-1	
5801701230	SMP	1	1017.90	491.99	1017.90	491.99	-1	
5801709527	SMP	1	1016.90	506.30	1016.90	506.30	-1	
5801717946	SMP	1	1016.87	510.97	1016.87	510.97	-1	
5801726190	SMP	1	1017.66	508.18	1017.66	508.18	-1	
5801734520	SMP	1	1016.44	495.36	1016.44	495.36	-1	
5801742929	SMP	1	1015.00	503.60	1015.00	503.60	-1	
5801751292	SMP	1	1014.51	505.26	1014.51	505.26	-1	
5801759507	SMP	1	1016.95	499.02	1016.95	499.02	-1	
5801768014	SMP	1	1017.27	491.41	1017.27	491.41	-1	
5801776303	SMP	1	1016.23	488.47	1016.23	488.47	-1	
5801784548	SMP	1	1016.75	493.31	1016.75	493.31	-1	
5801792901	SMP	1	1016.45	497.87	1016.45	497.87	-1	
5801801287	SMP	1	1015.46	496.73	1015.46	496.73	-1	
5801809689	SMP	1	1013.80	501.50	1013.80	501.50	-1	
5801817949	SMP	1	1014.14	503.33	1014.14	503.33	-1	
5801826238	SMP	1	1014.89	504.84	1014.89	504.84	-1	
5801834630	SMP	1	1015.98	506.50	1015.98	506.50	-1	
5801843112	SMP	1	1016.26	493.78	1016.26	493.78	-1	
5801851286	SMP	1	1016.05	503.24	1016.05	503.24	-1	
5801859685	SMP	1	1015.73	504.64	1015.73	504.64	-1	
5801868049	SMP	1	1015.64	501.27	1015.64	501.27	-1	
5801876452	SMP	1	1015.11	505.63	1015.11	505.63	-1	
5801884598	SMP	1	1013.83	496.86	1013.83	496.86	-1	
5801893053	SMP	1	1015.41	505.65	1015.41	505.65	-1	
5801901370	SMP	1	1018.82	490.20	1018.82	490.20	-1	
5801909799	SMP	1	1020.34	501.33	1020.34	501.33	-1	
5801918026	SMP	1	1020.59	537.08	1020.59	537.08	-1	
5801926404	SMP	1	1136.79	703.90	1136.79	703.90	-1	
5801934800	SMP	1	1141.13	969.05	1141.13	969.05	-1	
5801943035	SMP	1	0.00	0.00	0.00	0.00	-1	
5801951403	SMP	1	0.00	0.00	0.00	0.00	-1	
5801959755	SMP	1	0.00	0.00	0.00	0.00	-1	
5801968104	SMP	1	0.00	0.00	0.00	0.00	-1	
5801976410	SMP	1	0.00	0.00	0.00	0.00	-1	
5801984794	SMP	1	0.00	0.00	0.00	0.00	-1	
5801993154	SMP	1	0.00	0.00	0.00	0.00	-1	
5802001555	SMP	1	0.00	0.00	0.00	0.00	-1	
5802009784	SMP	1	0.00	0.00	0.00	0.00	-1	
5802018105	SMP	1	66.29	1104.40	66.29	1104.40	-1	
5802026507	SMP	1	-102.18	771.10	-102.18	771.10	-1	
5802034916	SMP	1	36.61	1160.01	36.61	1160.01	-1	
5802043191	SMP	1	71.22	1061.44	71.22	1061.44	-1	
5802051547	SMP	1	4.37	1068.93	4.37	1068.93	-1	
5802059907	SMP	1	6.87	1050.48	6.87	1050.48	-1	
5802068207	SMP	1	174.98	973.61	174.98	973.61	-1	
5802076573	SMP	1	203.82	922.30	203.82	922.30	-1	
5802084888	SMP	1	220.87	885.10	220.87	885.10	-1	
5802093338	SMP	1	192.29	873.87	192.29	873.87	-1	
5802101535	SMP	1	173.71	869.32	173.71	869.32	-1	
5802109925	SMP	1	176.86	861.44	176.86	861.44	-1	
5802118256	SMP	1	187.37	851.77	187.37	851.77	-1	
5802126667	SMP	1	174.86	843.32	174.86	843.32	-1	
5802134903	SMP	1	184.98	840.15	184.98	840.15	-1	
5802143267	SMP	1	174.15	825.28	174.15	825.28	-1	
5802151630	SMP	1	188.32	853.49	188.32	853.49	-1	
5802160061	SMP	1	180.70	838.82	180.70	838.82	-1	
5802168220	SMP	1	181.30	831.43	181.30	831.43	-1	
5802176681	SMP	1	178.37	827.12	178.37	827.12	-1	
5802185052	SMP	1	182.98	825.85	182.98	825.85	-1	
5802193432	SMP	1	182.73	817.80	182.73	817.80	-1	
5802201636	SMP	1	187.48	845.15	187.48	845.15	-1	
5802210066	SMP	1	185.58	841.44	185.58	841.44	-1	
5802218417	SMP	1	243.89	785.97	243.89	785.97	-1	
5802226672	SMP	1	406.46	625.91	406.46	625.91	-1	
5802235015	SMP	1	509.58	530.07	509.58	530.07	-1	
5802243440	SMP	1	604.05	525.97	604.05	525.97	-1	
5802251780	SMP	1	676.15	517.58	676.15	517.58	-1	
5802260044	SMP	1	680.36	507.26	680.36	507.26	-1	
5802268378	SMP	1	673.72	434.12	673.72	434.12	-1	
5802276809	SMP	1	677.96	504.30	677.96	504.30	-1	
5802285150	SMP	1	682.65	502.60	682.65	502.60	-1	
5802293399	SMP	1	687.06	509.23	687.06	509.23	-1	
5802301729	SMP	1	689.80	504.14	689.80	504.14	-1	
5802310158	SMP	1	686.68	491.89	686.68	491.89	-1	
5802318534	SMP	1	693.35	493.10	693.35	493.10	-1	
5802326773	SMP	1	688.50	489.42	688.50	489.42	-1	
5802335157	SMP	1	689.22	458.29	689.22	458.29	-1	
5802343541	SMP	1	688.44	493.31	688.44	493.31	-1	
5802351803	SMP	1	690.28	494.22	690.28	494.22	-1	
5802360150	SMP	1	691.19	490.02	691.19	490.02	-1	
5802368507	SMP	1	693.04	473.64	693.04	473.64	-1	
5802376904	SMP	1	692.23	482.81	692.23	482.81	-1	
5802385129	SMP	1	690.63	480.95	690.63	480.95	-1	
5802393516	SMP	1	691.28	467.00	691.28	467.00	-1	
5802401925	SMP	1	692.19	483.76	692.19	483.76	-1	
5802410417	SMP	1	690.94	489.21	690.94	489.21	-1	
5802418517	SMP	1	691.43	482.14	691.43	482.14	-1	
5802426910	SMP	1	692.43	488.43	692.43	488.43	-1	
5802435227	SMP	1	694.66	481.93	694.66	481.93	-1	
5802443681	SMP	1	694.85	474.42	694.85	474.42	-1	
5802451905	SMP	1	695.37	474.00	695.37	474.00	-1	
5802460258	SMP	1	694.01	457.03	694.01	457.03	-1	
5802468620	SMP	1	696.13	424.10	696.13	424.10	-1	
5802476978	SMP	1	697.92	445.91	697.92	445.91	-1	
5802485283	SMP	1	698.11	456.70	698.11	456.70	-1	
5802493635	SMP	1	697.64	429.40	697.64	429.40	-1	
5802501990	SMP	1	698.42	419.69	698.42	419.69	-1	
5802510267	SMP	1	697.06	430.89	697.06	430.89	-1	
5802518636	SMP	1	698.88	426.68	698.88	426.68	-1	
5802527040	SMP	1	699.77	436.27	699.77	436.27	-1	
5802535424	SMP	1	700.35	429.94	700.35	429.94	-1	
5802543640	SMP	1	699.26	433.51	699.26	433.51	-1	
5802552026	SMP	1	699.27	418.56	699.27	418.56	-1	
5802560375	SMP	1	699.69	438.37	699.69	438.37	-1	
5802568759	SMP	1	699.46	429.73	699.46	429.73	-1	
5802577028	SMP	1	701.52	434.47	701.52	434.47	-1	
5802585389	SMP	1	700.26	437.44	700.26	437.44	-1	
5802593767	SMP	1	699.39	436.45	699.39	436.45	-1	
5802602014	SMP	1	704.59	418.37	704.59	418.37	-1	
5802610420	SMP	1	704.36	435.34	704.36	435.34	-1	
5802618699	SMP	1	701.62	430.93	701.62	430.93	-1	
5802627101	SMP	1	699.21	433.36	699.21	433.36	-1	
5802635343	SMP	1	697.52	429.68	697.52	429.68	-1	
5802643811	SMP	1	704.55	421.50	704.55	421.50	-1	
5802652122	SMP	1	702.45	396.70	702.45	396.70	-1	
5802660559	SMP	1	700.46	387.86	700.46	387.86	-1	
5802668876	SMP	1	704.26	373.90	704.26	373.90	-1	
5802677140	SMP	1	699.72	369.76	699.72	369.76	-1	
5802685523	SMP	1	706.51	386.00	706.51	386.00	-1	
5802693859	SMP	1	702.15	413.88	702.15	413.88	-1	
5802702136	SMP	1	700.11	380.33	700.11	380.33	-1	
5802710539	SMP	1	701.47	379.82	701.47	379.82	-1	
5802718915	SMP	1	704.37	384.25	704.37	384.25	-1	
5802727302	SMP	1	706.64	389.65	706.64	389.65	-1	
5802735502	SMP	1	705.90	380.28	705.90	380.28	-1	
5802743907	SMP	1	702.41	385.28	702.41	385.28	-1	
5802752295	SMP	1	704.37	384.92	704.37	384.92	-1	
5802760508	SMP	1	706.12	390.03	706.12	390.03	-1	
5802768866	SMP	1	706.36	393.65	706.36	393.65	-1	
5802777845	SMP	1	706.36	396.12	706.36	396.12	-1	
5802785673	SMP	1	706.45	393.85	706.45	393.85	-1	
5802793883	SMP	1	705.62	368.53	705.62	368.53	-1	
5802802263	SMP	1	708.07	394.17	708.07	394.17	-1	
5802810672	SMP	1	708.77	395.85	708.77	395.85	-1	
5802818981	SMP	1	711.59	390.42	711.59	390.42	-1	
5802827272	SMP	1	709.01	373.00	709.01	373.00	-1	
5802835624	SMP	1	711.78	358.44	711.78	358.44	-1	
5802844022	SMP	1	712.39	392.97	712.39	392.97	-1	
5802852357	SMP	1	713.20	385.88	713.20	385.88	-1	
5802860669	SMP	1	713.09	380.59	713.09	380.59	-1	
5802868984	SMP	1	715.70	371.92	715.70	371.92	-1	
5802877426	SMP	1	715.55	385.27	715.55	385.27	-1	
5802885629	SMP	1	717.55	384.53	717.55	384.53	-1	
5802893943	SMP	1	716.37	373.89	716.37	373.89	-1	
5802902365	SMP	1	715.83	375.97	715.83	375.97	-1	
5802910910	SMP	1	713.16	373.25	713.16	373.25	-1	
5802919385	SMP	1	715.80	377.19	715.80	377.19	-1	
5802927380	SMP	1	713.73	381.15	713.73	381.15	-1	
5802935743	SMP	1	711.75	380.87	711.75	380.87	-1	
5802944137	SMP	1	711.10	373.26	711.10	373.26	-1	
5802952390	SMP	1	706.19	376.07	706.19	376.07	-1	
5802960754	SMP	1	707.86	373.63	707.86	373.63	-1	
5802969120	SMP	1	707.43	368.92	707.43	368.92	-1	
5802977888	SMP	1	707.27	367.67	707.27	367.67	-1	
5802985753	SMP	1	709.89	366.88	709.89	366.88	-1	
5802994133	SMP	1	709.77	372.47	709.77	372.47	-1	
5803002488	SMP	1	710.12	377.42	710.12	377.42	-1	
5803010816	SMP	1	708.20	362.50	708.20	362.50	-1	
5803019074	SMP	1	708.77	351.47	708.77	351.47	-1	
5803027489	SMP	1	708.98	346.50	708.98	346.50	-1	
5803035857	SMP	1	706.82	348.02	706.82	348.02	-1	
5803044147	SMP	1	710.37	359.33	710.37	359.33	-1	
5803052519	SMP	1	714.45	337.08	714.45	337.08	-1	
5803060911	SMP	1	712.40	331.71	712.40	331.71	-1	
5803069239	SMP	1	713.30	344.46	713.30	344.46	-1	
5803077551	SMP	1	716.13	349.31	716.13	349.31	-1	
5803085884	SMP	1	714.84	333.89	714.84	333.89	-1	
5803094235	SMP	1	716.23	324.52	716.23	324.52	-1	
5803102610	SMP	1	716.56	321.39	716.56	321.39	-1	
5803110977	SMP	1	716.44	326.81	716.44	326.81	-1	
5803119281	SMP	1	714.42	314.27	714.42	314.27	-1	
5803127660	SMP	1	722.30	309.44	722.30	309.44	-1	
5803135989	SMP	1	717.91	306.27	717.91	306.27	-1	
5803144256	SMP	1	714.69	308.75	714.69	308.75	-1	
5803152638	SMP	1	711.29	312.71	711.29	312.71	-1	
5803161001	SMP	1	709.24	307.10	709.24	307.10	-1	
5803169234	SMP	1	707.98	309.74	707.98	309.74	-1	
5803177629	SMP	1	705.92	307.59	705.92	307.59	-1	
5803186025	SMP	1	710.78	311.53	710.78	311.53	-1	
5803194398	SMP	1	702.77	305.46	702.77	305.46	-1	
5803202637	SMP	1	704.22	311.13	704.22	311.13	-1	
5803211046	SMP	1	706.74	310.75	706.74	310.75	-1	
5803219354	SMP	1	703.94	308.83	703.94	308.83	-1	
5803227735	SMP	1	703.10	300.62	703.10	300.62	-1	
5803235977	SMP	1	702.67	292.27	702.67	292.27	-1	
5803244422	SMP	1	703.63	310.18	703.63	310.18	-1	
5803252749	SMP	1	703.48	305.80	703.48	305.80	-1	
5803261125	SMP	1	702.26	304.26	702.26	304.26	-1	
5803269356	SMP	1	700.88	305.61	700.88	305.61	-1	
5803277854	SMP	1	702.37	309.35	702.37	309.35	-1	
5803286107	SMP	1	701.86	309.76	701.86	309.76	-1	
5803294360	SMP	1	704.14	302.53	704.14	302.53	-1	
5803302754	SMP	1	703.63	296.24	703.63	296.24	-1	
5803311138	SMP	1	703.71	310.62	703.71	310.62	-1	
5803319514	SMP	1	702.12	304.39	702.12	304.39	-1	
5803327735	SMP	1	701.06	302.30	701.06	302.30	-1	
5803336107	SMP	1	705.01	298.33	705.01	298.33	-1	
5803344499	SMP	1	701.67	319.73	701.67	319.73	-1	
5803352869	SMP	1	707.05	293.25	707.05	293.25	-1	
5803361104	SMP	1	706.82	294.30	706.82	294.30	-1	
5803369502	SMP	1	705.13	298.40	705.13	298.40	-1	
5803377881	SMP	1	703.91	290.74	703.91	290.74	-1	
5803386244	SMP	1	700.95	287.10	700.95	287.10	-1	
5803394494	SMP	1	702.33	313.69	702.33	313.69	-1	
5803402840	SMP	1	701.58	295.29	701.58	295.29	-1	
5803411261	SMP	1	703.77	292.03	703.77	292.03	-1	
5803419473	SMP	1	704.90	290.77	704.90	290.77	-1	
5803427995	SMP	1	701.88	275.16	701.88	275.16	-1	
5803436288	SMP	1	705.91	265.65	705.91	265.65	-1	
5803444674	SMP	1	704.06	279.10	704.06	279.10	-1	
5803452905	SMP	1	704.55	281.07	704.55	281.07	-1	
5803461284	SMP	1	705.05	293.39	705.05	293.39	-1	
5803469644	SMP	1	717.81	248.84	717.81	248.84	-1	
5803478079	SMP	1	707.81	286.88	707.81	286.88	-1	
5803486228	SMP	1	714.52	270.55	714.52	270.55	-1	
5803494624	SMP	1	710.21	277.54	710.21	277.54	-1	
5803503021	SMP	1	708.70	264.90	708.70	264.90	-1	
5803511404	SMP	1	709.26	256.08	709.26	256.08	-1	
5803519627	SMP	1	712.19	237.51	712.19	237.51	-1	
5803528030	SMP	1	711.01	273.92	711.01	273.92	-1	
5803536353	SMP	1	713.97	275.28	713.97	275.28	-1	
5803544767	SMP	1	716.76	292.99	716.76	292.99	-1	
5803552995	SMP	1	716.25	279.55	716.25	279.55	-1	
5803561371	SMP	1	713.88	275.56	713.88	275.56	-1	
5803569703	SMP	1	713.15	260.51	713.15	260.51	-1	
5803578071	SMP	1	712.13	249.26	712.13	249.26	-1	
5803586387	SMP	1	716.71	271.09	716.71	271.09	-1	
5803594736	SMP	1	715.75	247.29	715.75	247.29	-1	
5803603084	SMP	1	715.70	306.15	715.70	306.15	-1	
5803611380	SMP	1	714.03	255.70	714.03	255.70	-1	
5803619719	SMP	1	714.82	248.82	714.82	248.82	-1	
5803628126	SMP	1	713.54	254.48	713.54	254.48	-1	
5803636476	SMP	1	711.39	276.26	711.39	276.26	-1	
5803644992	SMP	1	712.43	256.07	712.43	256.07	-1	
5803653133	SMP	1	710.98	259.52	710.98	259.52	-1	
5803661506	SMP	1	713.10	261.00	713.10	261.00	-1	
5803669847	SMP	1	714.34	257.15	714.34	257.15	-1	
5803678114	SMP	1	713.26	284.58	713.26	284.58	-1	
5803686526	SMP	1	714.47	266.53	714.47	266.53	-1	
5803694849	SMP	1	716.41	277.58	716.41	277.58	-1	
5803703153	SMP	1	717.06	268.53	717.06	268.53	-1	
5803711542	SMP	1	727.30	291.96	727.30	291.96	-1	
5803719879	SMP	1	720.20	265.12	720.20	265.12	-1	
5803728190	SMP	1	715.08	263.23	715.08	263.23	-1	
5803736468	SMP	1	717.72	267.47	717.72	267.47	-1	
5803744902	SMP	1	720.53	274.10	720.53	274.10	-1	
5803753259	SMP	1	718.61	269.66	718.61	269.66	-1	
5803761636	SMP	1	722.03	277.02	722.03	277.02	-1	
5803769855	SMP	1	721.02	255.44	721.02	255.44	-1	
5803778266	SMP	1	722.30	262.40	722.30	262.40	-1	
5803786610	SMP	1	718.53	247.43	718.53	247.43	-1	
5803794973	SMP	1	719.60	252.83	719.60	252.83	-1	
5803803271	SMP	1	721.21	255.09	721.21	255.09	-1	
5803811777	SMP	1	717.61	239.99	717.61	239.99	-1	
5803820006	SMP	1	718.66	237.57	718.66	237.57	-1	
5803828220	SMP	1	717.78	242.87	717.78	242.87	-1	
5803836589	SMP	1	717.73	233.69	717.73	233.69	-1	
5803845051	SMP	1	716.77	231.46	716.77	231.46	-1	
5803853360	SMP	1	715.29	239.92	715.29	239.92	-1	
5803861644	SMP	1	718.39	252.27	718.39	252.27	-1	
5803869967	SMP	1	717.23	244.87	717.23	244.87	-1	
5803878400	SMP	1	720.09	232.30	720.09	232.30	-1	
5803886727	SMP	1	719.66	253.47	719.66	253.47	-1	
5803894970	SMP	1	720.28	262.41	720.28	262.41	-1	
5803903370	SMP	1	723.82	258.64	723.82	258.64	-1	
5803911767	SMP	1	721.66	271.88	721.66	271.88	-1	
5803920115	SMP	1	723.17	272.39	723.17	272.39	-1	
5803928381	SMP	1	723.94	276.98	723.94	276.98	-1	
5803936769	SMP	1	727.77	275.01	727.77	275.01	-1	
5803945158	SMP	1	723.59	277.25	723.59	277.25	-1	
5803953518	SMP	1	724.34	265.53	724.34	265.53	-1	
5803961707	SMP	1	723.44	278.06	723.44	278.06	-1	
5803970106	SMP	1	726.71	274.84	726.71	274.84	-1	
5803978490	SMP	1	725.78	276.59	725.78	276.59	-1	
5803986760	SMP	1	727.22	273.98	727.22	273.98	-1	
5803995098	SMP	1	723.44	273.22	723.44	273.22	-1	
5804003509	SMP	1	723.25	268.96	723.25	268.96	-1	
5804011867	SMP	1	722.74	271.44	722.74	271.44	-1	
5804020067	SMP	1	720.51	262.98	720.51	262.98	-1	
5804028469	SMP	1	717.06	260.81	717.06	260.81	-1	
5804036841	SMP	1	717.85	262.12	717.85	262.12	-1	
5804045276	SMP	1	719.20	265.94	719.20	265.94	-1	
5804053521	SMP	1	720.34	267.75	720.34	267.75	-1	
5804061904	SMP	1	718.03	257.32	718.03	257.32	-1	
5804070243	SMP	1	715.43	258.90	715.43	258.90	-1	
5804078604	SMP	1	716.96	252.32	716.96	252.32	-1	
5804086941	SMP	1	719.76	256.51	719.76	256.51	-1	
5804095207	SMP	1	720.88	254.42	720.88	254.42	-1	
5804103593	SMP	1	719.78	262.17	719.78	262.17	-1	
5804112737	SMP	1	716.70	254.96	716.70	254.96	-1	
5804120211	SMP	1	708.45	236.66	708.45	236.66	-1	
5804128634	SMP	1	716.04	266.71	716.04	266.71	-1	
5804137016	SMP	1	717.31	264.56	717.31	264.56	-1	
5804145274	SMP	1	715.28	248.02	715.28	248.02	-1	
5804153591	SMP	1	711.25	226.75	711.25	226.75	-1	
5804161930	SMP	1	717.86	237.10	717.86	237.10	-1	
5804170348	SMP	1	717.34	248.94	717.34	248.94	-1	
5804178846	SMP	1	716.22	253.21	716.22	253.21	-1	
5804187104	SMP	1	717.85	248.88	717.85	248.88	-1	
5804195347	SMP	1	722.37	249.81	722.37	249.81	-1	
5804203735	SMP	1	728.13	254.89	728.13	254.89	-1	
5804211990	SMP	1	722.54	233.27	722.54	233.27	-1	
5804220354	SMP	1	725.67	246.63	725.67	246.63	-1	
5804228717	SMP	1	724.10	235.65	724.10	235.65	-1	
5804236931	SMP	1	723.49	230.28	723.49	230.28	-1	
5804245407	SMP	1	725.84	253.64	725.84	253.64	-1	
5804253792	SMP	1	727.20	243.99	727.20	243.99	-1	
5804262135	SMP	1	722.09	253.89	722.09	253.89	-1	
5804270358	SMP	1	723.35	255.30	723.35	255.30	-1	
5804278732	SMP	1	725.83	252.77	725.83	252.77	-1	
5804287030	SMP	1	724.70	259.17	724.70	259.17	-1	
5804295409	SMP	1	722.93	272.64	722.93	272.64	-1	
5804303731	SMP	1	723.11	260.50	723.11	260.50	-1	
5804312190	SMP	1	726.73	267.72	726.73	267.72	-1	
5804320477	SMP	1	725.76	255.02	725.76	255.02	-1	
5804328879	SMP	1	729.69	269.06	729.69	269.06	-1	
5804337061	SMP	1	729.19	265.90	729.19	265.90	-1	
5804345936	SMP	1	728.90	256.15	728.90	256.15	-1	
5804353862	SMP	1	731.74	269.11	731.74	269.11	-1	
5804362213	SMP	1	731.67	279.88	731.67	279.88	-1	
5804370474	SMP	1	731.64	267.45	731.64	267.45	-1	
5804378874	SMP	1	731.24	236.94	731.24	236.94	-1	
5804387253	SMP	1	733.39	260.58	733.39	260.58	-1	
5804395464	SMP	1	734.83	272.82	734.83	272.82	-1	
5804403793	SMP	1	733.37	271.93	733.37	271.93	-1	
5804412242	SMP	1	731.93	255.14	731.93	255.14	-1	
5804420593	SMP	1	732.03	269.19	732.03	269.19	-1	
5804428885	SMP	1	732.40	243.04	732.40	243.04	-1	
5804437261	SMP	1	733.44	280.93	733.44	280.93	-1	
5804445631	SMP	1	730.34	246.87	730.34	246.87	-1	
5804453992	SMP	1	730.20	260.27	730.20	260.27	-1	
5804462214	SMP	1	735.09	253.92	735.09	253.92	-1	
5804470590	SMP	1	733.78	270.06	733.78	270.06	-1	
5804478988	SMP	1	732.00	262.04	732.00	262.04	-1	
5804487328	SMP	1	731.90	277.32	731.90	277.32	-1	
5804495597	SMP	1	730.86	229.15	730.86	229.15	-1	
5804503987	SMP	1	731.81	236.85	731.81	236.85	-1	
5804512383	SMP	1	731.60	270.51	731.60	270.51	-1	
5804520614	SMP	1	729.83	221.16	729.83	221.16	-1	
5804528977	SMP	1	731.29	250.47	731.29	250.47	-1	
5804537325	SMP	1	730.86	273.06	730.86	273.06	-1	
5804546107	SMP	1	730.79	238.39	730.79	238.39	-1	
5804553993	SMP	1	729.95	263.25	729.95	263.25	-1	
5804562367	SMP	1	726.98	249.32	726.98	249.32	-1	
5804570748	SMP	1	728.31	277.32	728.31	277.32	-1	
5804579112	SMP	1	728.17	282.41	728.17	282.41	-1	
5804587337	SMP	1	729.53	258.14	729.53	258.14	-1	
5804595727	SMP	1	729.68	265.08	729.68	265.08	-1	
5804604067	SMP	1	733.44	258.36	733.44	258.36	-1	
5804612476	SMP	1	730.55	270.45	730.55	270.45	-1	
5804620680	SMP	1	731.68	267.45	731.68	267.45	-1	
5804629128	SMP	1	733.30	268.00	733.30	268.00	-1	
5804637476	SMP	1	734.13	267.95	734.13	267.95	-1	
5804645740	SMP	1	731.50	268.79	731.50	268.79	-1	
5804654100	SMP	1	735.79	263.39	735.79	263.39	-1	
5804662503	SMP	1	736.21	262.04	736.21	262.04	-1	
5804670859	SMP	1	732.73	242.76	732.73	242.76	-1	
5804679125	SMP	1	733.73	269.20	733.73	269.20	-1	
5804687505	SMP	1	731.14	284.47	731.14	284.47	-1	
5804695821	SMP	1	729.35	272.48	729.35	272.48	-1	
5804704223	SMP	1	728.00	286.45	728.00	286.45	-1	
5804712494	SMP	1	728.93	263.94	728.93	263.94	-1	
5804720872	SMP	1	728.11	267.04	728.11	267.04	-1	
5804729239	SMP	1	729.14	272.55	729.14	272.55	-1	
5804737579	SMP	1	729.08	262.65	729.08	262.65	-1	
5804745903	SMP	1	727.78	269.89	727.78	269.89	-1	
5804754236	SMP	1	727.87	279.62	727.87	279.62	-1	
5804762585	SMP	1	727.13	283.69	727.13	283.69	-1	
5804770942	SMP	1	725.19	172.63	725.19	172.63	-1	
5804779257	SMP	1	726.27	279.26	726.27	279.26	-1	
5804787591	SMP	1	724.53	259.76	724.53	259.76	-1	
5804795955	SMP	1	727.02	288.33	727.02	288.33	-1	
5804804192	SMP	1	728.36	281.63	728.36	281.63	-1	
5804812697	SMP	1	725.27	283.38	725.27	283.38	-1	
5804820976	SMP	1	723.57	289.14	723.57	289.14	-1	
5804829324	SMP	1	723.00	268.92	723.00	268.92	-1	
5804837579	SMP	1	724.34	290.34	724.34	290.34	-1	
5804845995	SMP	1	723.47	298.95	723.47	298.95	-1	
5804854353	SMP	1	721.66	286.08	721.66	286.08	-1	
5804862710	SMP	1	723.89	291.20	723.89	291.20	-1	
5804871016	SMP	1	724.45	261.96	724.45	261.96	-1	
5804879997	SMP	1	724.72	285.13	724.72	285.13	-1	
5804887714	SMP	1	724.82	244.52	724.82	244.52	-1	
5804896033	SMP	1	723.63	286.96	723.63	286.96	-1	
5804904330	SMP	1	723.17	226.92	723.17	226.92	-1	
5804912721	SMP	1	724.43	278.19	724.43	278.19	-1	
5804921108	SMP	1	726.77	245.69	726.77	245.69	-1	
5804929358	SMP	1	725.40	237.18	725.40	237.18	-1	
5804937717	SMP	1	726.34	273.88	726.34	273.88	-1	
5804946126	SMP	1	725.78	235.21	725.78	235.21	-1	
5804954471	SMP	1	725.20	263.98	725.20	263.98	-1	
5804962699	SMP	1	725.11	251.67	725.11	251.67	-1	
5804971078	SMP	1	724.13	250.07	724.13	250.07	-1	
5804979466	SMP	1	724.34	283.00	724.34	283.00	-1	
5804987886	SMP	1	722.90	264.51	722.90	264.51	-1	
5804996060	SMP	1	723.57	268.88	723.57	268.88	-1	
5805004467	SMP	1	724.06	279.22	724.06	279.22	-1	
5805012876	SMP	1	722.61	278.74	722.61	278.74	-1	
5805021195	SMP	1	722.25	270.05	722.25	270.05	-1	
5805029447	SMP	1	721.97	268.31	721.97	268.31	-1	
5805037828	SMP	1	722.30	277.43	722.30	277.43	-1	
5805046253	SMP	1	722.66	280.29	722.66	280.29	-1	
5805054469	SMP	1	718.96	251.98	718.96	251.98	-1	
5805062888	SMP	1	719.38	274.03	719.38	274.03	-1	
5805071211	SMP	1	719.32	281.48	719.32	281.48	-1	
5805079592	SMP	1	719.88	279.82	719.88	279.82	-1	
5805087779	SMP	1	721.29	277.56	721.29	277.56	-1	
5805096147	SMP	1	719.95	279.72	719.95	279.72	-1	
5805104572	SMP	1	720.04	280.68	720.04	280.68	-1	
5805112959	SMP	1	720.60	286.42	720.60	286.42	-1	
5805121203	SMP	1	713.04	279.32	713.04	279.32	-1	
5805129656	SMP	1	719.11	267.75	719.11	267.75	-1	
5805138032	SMP	1	720.82	270.34	720.82	270.34	-1	
5805146377	SMP	1	722.14	270.90	722.14	270.90	-1	
5805154580	SMP	1	722.06	288.76	722.06	288.76	-1	
5805162946	SMP	1	719.13	271.15	719.13	271.15	-1	
5805171311	SMP	1	718.82	255.24	718.82	255.24	-1	
5805179742	SMP	1	717.93	252.40	717.93	252.40	-1	
5805188020	SMP	1	716.26	269.42	716.26	269.42	-1	
5805196348	SMP	1	715.31	251.61	715.31	251.61	-1	
5805204708	SMP	1	711.39	240.05	711.39	240.05	-1	
5805213013	SMP	1	718.98	245.74	718.98	245.74	-1	
5805221322	SMP	1	711.92	267.27	711.92	267.27	-1	
5805229644	SMP	1	714.20	261.26	714.20	261.26	-1	
5805238024	SMP	1	714.88	241.64	714.88	241.64	-1	
5805246353	SMP	1	708.06	275.55	708.06	275.55	-1	
5805254722	SMP	1	709.66	247.91	709.66	247.91	-1	
5805263090	SMP	1	720.40	271.33	720.40	271.33	-1	
5805271434	SMP	1	716.74	264.83	716.74	264.83	-1	
5805279747	SMP	1	713.75	307.84	713.75	307.84	-1	
5805288023	SMP	1	708.49	238.37	708.49	238.37	-1	
5805296438	SMP	1	715.39	248.87	715.39	248.87	-1	
5805304827	SMP	1	713.42	289.17	713.42	289.17	-1	
5805314053	SMP	1	713.47	269.08	713.47	269.08	-1	
5805321437	SMP	1	717.41	259.35	717.41	259.35	-1	
5805329840	SMP	1	713.61	271.98	713.61	271.98	-1	
5805338021	SMP	1	719.13	273.99	719.13	273.99	-1	
5805346497	SMP	1	717.98	259.91	717.98	259.91	-1	
5805354816	SMP	1	714.67	253.45	714.67	253.45	-1	
5805363188	SMP	1	711.58	299.11	711.58	299.11	-1	
5805371408	SMP	1	711.42	238.32	711.42	238.32	-1	
5805380049	SMP	1	714.95	255.68	714.95	255.68	-1	
5805388186	SMP	1	717.16	260.94	717.16	260.94	-1	
5805396599	SMP	1	715.13	258.62	715.13	258.62	-1	
5805404926	SMP	1	712.47	252.78	712.47	252.78	-1	
5805413235	SMP	1	718.30	254.36	718.30	254.36	-1	
5805421593	SMP	1	714.29	256.36	714.29	256.36	-1	
5805429940	SMP	1	712.60	270.91	712.60	270.91	-1	
5805438296	SMP	1	711.53	242.04	711.53	242.04	-1	
5805446625	SMP	1	719.05	282.06	719.05	282.06	-1	
5805454941	SMP	1	717.33	251.04	717.33	251.04	-1	
5805463179	SMP	1	718.92	251.17	718.92	251.17	-1	
5805471587	SMP	1	717.64	252.17	717.64	252.17	-1	
5805479971	SMP	1	717.38	277.31	717.38	277.31	-1	
5805488340	SMP	1	716.22	244.35	716.22	244.35	-1	
5805496557	SMP	1	714.38	281.33	714.38	281.33	-1	
5805504967	SMP	1	717.24	262.77	717.24	262.77	-1	
5805513372	SMP	1	717.41	259.81	717.41	259.81	-1	
5805521682	SMP	1	716.51	293.03	716.51	293.03	-1	
5805529975	SMP	1	715.39	290.88	715.39	290.88	-1	
5805538313	SMP	1	716.26	291.62	716.26	291.62	-1	
5805546751	SMP	1	710.35	274.69	710.35	274.69	-1	
5805555059	SMP	1	710.45	269.25	710.45	269.25	-1	
5805563336	SMP	1	708.91	264.84	708.91	264.84	-1	
5805571740	SMP	1	710.64	234.64	710.64	234.64	-1	
5805580110	SMP	1	708.12	266.12	708.12	266.12	-1	
5805588466	SMP	1	715.28	278.78	715.28	278.78	-1	
5805596816	SMP	1	707.41	274.60	707.41	274.60	-1	
5805605017	SMP	1	704.82	305.86	704.82	305.86	-1	
5805613461	SMP	1	703.99	285.76	703.99	285.76	-1	
5805621675	SMP	1	706.79	303.01	706.79	303.01	-1	
5805630107	SMP	1	703.30	199.69	703.30	199.69	-1	
5805638430	SMP	1	695.97	326.98	695.97	326.98	-1	
5805646946	SMP	1	662.17	401.29	662.17	401.29	-1	
5805655096	SMP	1	606.65	396.83	606.65	396.83	-1	
5805663446	SMP	1	564.37	410.41	564.37	410.41	-1	
5805671819	SMP	1	508.94	412.17	508.94	412.17	-1	
5805680198	SMP	1	514.98	408.91	514.98	408.91	-1	
5805688480	SMP	1	507.83	417.95	507.83	417.95	-1	
5805696862	SMP	1	510.97	437.31	510.97	437.31	-1	
5805705180	SMP	1	512.05	478.04	512.05	478.04	-1	
5805713623	SMP	1	508.89	495.78	508.89	495.78	-1	
5805721834	SMP	1	510.77	406.37	510.77	406.37	-1	
5805730192	SMP	1	508.35	419.03	508.35	419.03	-1	
5805738561	SMP	1	508.26	488.65	508.26	488.65	-1	
5805746905	SMP	1	508.88	420.52	508.88	420.52	-1	
5805755212	SMP	1	510.92	370.27	510.92	370.27	-1	
5805763556	SMP	1	511.49	458.36	511.49	458.36	-1	
5805771960	SMP	1	514.65	416.91	514.65	416.91	-1	
5805780235	SMP	1	514.44	436.30	514.44	436.30	-1	
5805788545	SMP	1	510.51	423.82	510.51	423.82	-1	
5805796989	SMP	1	506.58	434.52	506.58	434.52	-1	
5805805276	SMP	1	507.27	361.14	507.27	361.14	-1	
5805813637	SMP	1	513.74	427.13	513.74	427.13	-1	
5805821920	SMP	1	520.09	434.55	520.09	434.55	-1	
5805830289	SMP	1	511.56	434.42	511.56	434.42	-1	
5805838898	SMP	1	512.94	408.17	512.94	408.17	-1	
5805846968	SMP	1	514.93	347.71	514.93	347.71	-1	
5805855285	SMP	1	514.21	378.21	514.21	378.21	-1	
5805863650	SMP	1	517.76	424.16	517.76	424.16	-1	
5805871917	SMP	1	508.98	357.44	508.98	357.44	-1	
5805880314	SMP	1	512.00	364.23	512.00	364.23	-1	
5805888667	SMP	1	518.82	363.86	518.82	363.86	-1	
5805897046	SMP	1	507.79	460.67	507.79	460.67	-1	
5805905333	SMP	1	498.10	357.36	498.10	357.36	-1	
5805913695	SMP	1	505.32	429.58	505.32	429.58	-1	
5805922096	SMP	1	507.55	342.68	507.55	342.68	-1	
5805930434	SMP	1	562.36	433.06	562.36	433.06	-1	
5805938705	SMP	1	688.03	477.94	688.03	477.94	-1	
5805947077	SMP	1	751.28	485.81	751.28	485.81	-1	
5805955432	SMP	1	785.57	489.53	785.57	489.53	-1	
5805963800	SMP	1	823.82	494.39	823.82	494.39	-1	
5805972078	SMP	1	845.46	495.51	845.46	495.51	-1	
5805980473	SMP	1	838.76	485.61	838.76	485.61	-1	
5805988828	SMP	1	834.37	496.33	834.37	496.33	-1	
5805997190	SMP	1	843.88	505.73	843.88	505.73	-1	
5806005456	SMP	1	843.33	446.47	843.33	446.47	-1	
5806013869	SMP	1	842.17	499.70	842.17	499.70	-1	
5806022204	SMP	1	841.27	460.36	841.27	460.36	-1	
5806030470	SMP	1	846.12	499.84	846.12	499.84	-1	
5806038790	SMP	1	847.06	442.95	847.06	442.95	-1	
5806047222	SMP	1	850.67	450.94	850.67	450.94	-1	
5806055544	SMP	1	849.30	439.74	849.30	439.74	-1	
5806063868	SMP	1	844.72	456.01	844.72	456.01	-1	
5806072179	SMP	1	848.83	440.29	848.83	440.29	-1	
5806080584	SMP	1	851.79	382.95	851.79	382.95	-1	
5806088921	SMP	1	853.19	381.04	853.19	381.04	-1	
5806097196	SMP	1	852.82	454.42	852.82	454.42	-1	
5806105553	SMP	1	856.37	495.15	856.37	495.15	-1	
5806113969	SMP	1	856.30	451.46	856.30	451.46	-1	
5806122358	SMP	1	857.25	454.90	857.25	454.90	-1	
5806130582	SMP	1	858.58	456.09	858.58	456.09	-1	
5806138930	SMP	1	858.57	456.30	858.57	456.30	-1	
5806147355	SMP	1	857.59	458.76	857.59	458.76	-1	
5806155552	SMP	1	860.77	456.04	860.77	456.04	-1	
5806163920	SMP	1	863.84	452.39	863.84	452.39	-1	
5806172313	SMP	1	866.26	460.02	866.26	460.02	-1	
5806180720	SMP	1	866.45	468.67	866.45	468.67	-1	
5806188933	SMP	1	867.19	479.09	867.19	479.09	-1	
5806197329	SMP	1	867.74	466.64	867.74	466.64	-1	
5806205661	SMP	1	868.00	470.01	868.00	470.01	-1	
5806214100	SMP	1	867.16	487.91	867.16	487.91	-1	
5806222320	SMP	1	865.95	465.33	865.95	465.33	-1	
5806230688	SMP	1	864.39	467.17	864.39	467.17	-1	
5806239697	SMP	1	865.40	469.39	865.40	469.39	-1	
5806247478	SMP	1	863.58	476.27	863.58	476.27	-1	
5806255674	SMP	1	863.02	479.15	863.02	479.15	-1	
5806264127	SMP	1	860.71	471.54	860.71	471.54	-1	
5806272445	SMP	1	860.53	464.35	860.53	464.35	-1	
5806280702	SMP	1	859.96	476.05	859.96	476.05	-1	
5806289045	SMP	1	859.33	455.64	859.33	455.64	-1	
5806297452	SMP	1	861.22	456.01	861.22	456.01	-1	
5806305775	SMP	1	862.20	465.44	862.20	465.44	-1	
5806314101	SMP	1	864.38	466.00	864.38	466.00	-1	
5806322461	SMP	1	867.81	467.75	867.81	467.75	-1	
5806330841	SMP	1	868.53	471.17	868.53	471.17	-1	
5806339182	SMP	1	868.11	469.00	868.11	469.00	-1	
5806347479	SMP	1	867.95	466.24	867.95	466.24	-1	
5806355806	SMP	1	867.85	467.60	867.85	467.60	-1	
5806364170	SMP	1	868.67	456.25	868.67	456.25	-1	
5806372526	SMP	1	868.10	467.61	868.10	467.61	-1	
5806380978	SMP	1	867.07	471.19	867.07	471.19	-1	
5806389200	SMP	1	866.81	472.37	866.81	472.37	-1	
5806397593	SMP	1	866.02	475.33	866.02	475.33	-1	
5806405910	SMP	1	862.73	475.82	862.73	475.82	-1	
5806414222	SMP	1	859.71	480.09	859.71	480.09	-1	
5806422567	SMP	1	857.84	464.01	857.84	464.01	-1	
5806430959	SMP	1	857.50	460.06	857.50	460.06	-1	
5806439149	SMP	1	854.50	483.55	854.50	483.55	-1	
5806447587	SMP	1	851.84	460.41	851.84	460.41	-1	
5806455949	SMP	1	852.13	486.16	852.13	486.16	-1	
5806464262	SMP	1	848.58	490.03	848.58	490.03	-1	
5806472528	SMP	1	846.52	467.74	846.52	467.74	-1	
5806480936	SMP	1	845.48	458.82	845.48	458.82	-1	
5806489290	SMP	1	841.41	496.00	841.41	496.00	-1	
5806497620	SMP	1	840.85	480.49	840.85	480.49	-1	
5806505911	SMP	1	839.77	477.43	839.77	477.43	-1	
5806514315	SMP	1	839.12	456.49	839.12	456.49	-1	
5806522706	SMP	1	836.98	469.47	836.98	469.47	-1	
5806531068	SMP	1	831.88	443.52	831.88	443.52	-1	
5806539302	SMP	1	833.25	455.60	833.25	455.60	-1	
5806547726	SMP	1	831.86	467.57	831.86	467.57	-1	
5806556049	SMP	1	833.67	473.68	833.67	473.68	-1	
5806564304	SMP	1	832.90	439.77	832.90	439.77	-1	
5806572830	SMP	1	835.32	461.13	835.32	461.13	-1	
5806581115	SMP	1	832.85	462.46	832.85	462.46	-1	
5806589451	SMP	1	832.59	469.31	832.59	469.31	-1	
5806597657	SMP	1	833.76	464.86	833.76	464.86	-1	
5806606055	SMP	1	834.53	460.80	834.53	460.80	-1	
5806614472	SMP	1	835.86	452.88	835.86	452.88	-1	
5806622805	SMP	1	837.30	451.75	837.30	451.75	-1	
5806631037	SMP	1	836.17	460.78	836.17	460.78	-1	
5806639439	SMP	1	834.43	447.81	834.43	447.81	-1	
5806647939	SMP	1	836.27	450.63	836.27	450.63	-1	
5806656163	SMP	1	836.07	460.50	836.07	460.50	-1	
5806664405	SMP	1	834.90	470.33	834.90	470.33	-1	
5806672806	SMP	1	835.95	458.25	835.95	458.25	-1	
5806681207	SMP	1	835.36	449.35	835.36	449.35	-1	
5806689463	SMP	1	833.58	437.33	833.58	437.33	-1	
5806697908	SMP	1	832.65	387.84	832.65	387.84	-1	
5806706194	SMP	1	834.31	470.51	834.31	470.51	-1	
5806714592	SMP	1	834.27	470.51	834.27	470.51	-1	
5806722788	SMP	1	832.14	473.90	832.14	473.90	-1	
5806731206	SMP	1	835.71	507.20	835.71	507.20	-1	
5806739519	SMP	1	820.63	532.60	820.63	532.60	-1	
5806747981	SMP	1	814.81	537.58	814.81	537.58	-1	
5806756164	SMP	1	829.74	405.06	829.74	405.06	-1	
5806764538	SMP	1	832.26	394.71	832.26	394.71	-1	
5806772942	SMP	1	819.83	392.05	819.83	392.05	-1	
5806781314	SMP	1	823.25	407.41	823.25	407.41	-1	
5806789568	SMP	1	825.04	395.60	825.04	395.60	-1	
5806797929	SMP	1	824.92	395.79	824.92	395.79	-1	
5806806288	SMP	1	819.47	399.23	819.47	399.23	-1	
5806814716	SMP	1	813.10	401.68	813.10	401.68	-1	
5806822916	SMP	1	818.27	399.19	818.27	399.19	-1	
5806831332	SMP	1	821.59	398.56	821.59	398.56	-1	
5806839669	SMP	1	820.53	393.44	820.53	393.44	-1	
5806848181	SMP	1	821.65	378.13	821.65	378.13	-1	
5806856316	SMP	1	823.94	385.64	823.94	385.64	-1	
5806864625	SMP	1	826.00	376.25	826.00	376.25	-1	
5806873024	SMP	1	826.09	360.55	826.09	360.55	-1	
5806881298	SMP	1	822.79	349.60	822.79	349.60	-1	
5806889602	SMP	1	825.78	363.43	825.78	363.43	-1	
5806898055	SMP	1	827.12	365.06	827.12	365.06	-1	
5806906426	SMP	1	831.54	356.21	831.54	356.21	-1	
5806914696	SMP	1	831.79	378.28	831.79	378.28	-1	
5806923084	SMP	1	828.95	368.97	828.95	368.97	-1	
5806931414	SMP	1	825.13	387.10	825.13	387.10	-1	
5806939751	SMP	1	833.18	375.02	833.18	375.02	-1	
5806948096	SMP	1	831.18	378.21	831.18	378.21	-1	
5806956454	SMP	1	828.01	385.22	828.01	385.22	-1	
5806964790	SMP	1	832.85	375.23	832.85	375.23	-1	
5806973021	SMP	1	829.50	383.48	829.50	383.48	-1	
5806981464	SMP	1	835.94	373.03	835.94	373.03	-1	
5806989803	SMP	1	834.87	369.14	834.87	369.14	-1	
5806998133	SMP	1	835.92	392.63	835.92	392.63	-1	
5807006384	SMP	1	836.17	384.81	836.17	384.81	-1	
5807014838	SMP	1	839.75	385.61	839.75	385.61	-1	
5807023196	SMP	1	839.66	380.48	839.66	380.48	-1	
5807031555	SMP	1	838.78	380.55	838.78	380.55	-1	
5807039827	SMP	1	835.45	399.98	835.45	399.98	-1	
5807048157	SMP	1	834.39	370.09	834.39	370.09	-1	
5807056525	SMP	1	835.44	376.90	835.44	376.90	-1	
5807064884	SMP	1	832.82	397.51	832.82	397.51	-1	
5807073143	SMP	1	831.22	371.15	831.22	371.15	-1	
5807081544	SMP	1	831.87	380.83	831.87	380.83	-1	
5807089951	SMP	1	831.27	375.60	831.27	375.60	-1	
5807098141	SMP	1	828.50	367.03	828.50	367.03	-1	
5807106517	SMP	1	826.08	369.98	826.08	369.98	-1	
5807114952	SMP	1	824.20	358.84	824.20	358.84	-1	
5807123330	SMP	1	824.59	349.49	824.59	349.49	-1	
5807131526	SMP	1	824.24	348.46	824.24	348.46	-1	
5807140219	SMP	1	823.84	345.22	823.84	345.22	-1	
5807148321	SMP	1	823.47	343.34	823.47	343.34	-1	
5807156603	SMP	1	0.00	0.00	0.00	0.00	-1	
5807164857	SMP	1	0.00	0.00	0.00	0.00	-1	
5807173269	SMP	1	0.00	0.00	0.00	0.00	-1	
5807181817	SMP	1	0.00	0.00	0.00	0.00	-1	
5807190064	SMP	1	0.00	0.00	0.00	0.00	-1	
5807198273	SMP	1	0.00	0.00	0.00	0.00	-1	
5807206731	SMP	1	0.00	0.00	0.00	0.00	-1	
5807215104	SMP	1	0.00	0.00	0.00	0.00	-1	
5807223428	SMP	1	0.00	0.00	0.00	0.00	-1	
5807231700	SMP	1	0.00	0.00	0.00	0.00	-1	
5807239980	SMP	1	0.00	0.00	0.00	0.00	-1	
5807248413	SMP	1	0.00	0.00	0.00	0.00	-1	
5807256650	SMP	1	0.00	0.00	0.00	0.00	-1	
5807264997	SMP	1	0.00	0.00	0.00	0.00	-1	
5807273426	SMP	1	0.00	0.00	0.00	0.00	-1	
5807281825	SMP	1	0.00	0.00	0.00	0.00	-1	
5807290015	SMP	1	0.00	0.00	0.00	0.00	-1	
5807298395	SMP	1	0.00	0.00	0.00	0.00	-1	
5807306874	SMP	1	0.00	0.00	0.00	0.00	-1	
5807315207	SMP	1	0.00	0.00	0.00	0.00	-1	
5807323401	SMP	1	0.00	0.00	0.00	0.00	-1	
5807331783	SMP	1	0.00	0.00	0.00	0.00	-1	
5807340146	SMP	1	0.00	0.00	0.00	0.00	-1	
5807348574	SMP	1	0.00	0.00	0.00	0.00	-1	
5807356893	SMP	1	0.00	0.00	0.00	0.00	-1	
5807365143	SMP	1	0.00	0.00	0.00	0.00	-1	
5807373685	SMP	1	0.00	0.00	0.00	0.00	-1	
5807381832	SMP	1	0.00	0.00	0.00	0.00	-1	
5807390135	SMP	1	0.00	0.00	0.00	0.00	-1	
5807398572	SMP	1	0.00	0.00	0.00	0.00	-1	
5807406947	SMP	1	0.00	0.00	0.00	0.00	-1	
5807415206	SMP	1	0.00	0.00	0.00	0.00	-1	
5807423568	SMP	1	0.00	0.00	0.00	0.00	-1	
5807431920	SMP	1	0.00	0.00	0.00	0.00	-1	
5807440303	SMP	1	0.00	0.00	0.00	0.00	-1	
5807448570	SMP	1	0.00	0.00	0.00	0.00	-1	
5807457008	SMP	1	0.00	0.00	0.00	0.00	-1	
5807465280	SMP	1	0.00	0.00	0.00	0.00	-1	
5807473625	SMP	1	0.00	0.00	0.00	0.00	-1	
5807481931	SMP	1	0.00	0.00	0.00	0.00	-1	
5807490260	SMP	1	0.00	0.00	0.00	0.00	-1	
5807498638	SMP	1	0.00	0.00	0.00	0.00	-1	
5807506856	SMP	1	0.00	0.00	0.00	0.00	-1	
5807515310	SMP	1	0.00	0.00	0.00	0.00	-1	
5807523763	SMP	1	0.00	0.00	0.00	0.00	-1	
5807532023	SMP	1	0.00	0.00	0.00	0.00	-1	
5807540270	SMP	1	0.00	0.00	0.00	0.00	-1	
5807548696	SMP	1	0.00	0.00	0.00	0.00	-1	
5807714970	SMP	1	0.00	0.00	0.00	0.00	-1	
5807764817	SMP	1	0.00	0.00	0.00	0.00	-1	
5807837854	SMP	1	454.39	578.18	454.39	578.18	-1	
5807845916	SMP	1	450.39	586.44	450.39	586.44	-1	
5807854132	SMP	1	453.13	575.25	453.13	575.25	-1	
5807862539	SMP	1	455.37	583.19	455.37	583.19	-1	
5807870897	SMP	1	454.72	578.01	454.72	578.01	-1	
5807879302	SMP	1	459.73	572.06	459.73	572.06	-1	
5807887511	SMP	1	457.91	576.07	457.91	576.07	-1	
5807895911	SMP	1	458.64	569.85	458.64	569.85	-1	
5807904235	SMP	1	459.97	573.96	459.97	573.96	-1	
5807912670	SMP	1	460.56	571.52	460.56	571.52	-1	
5807920984	SMP	1	461.95	571.90	461.95	571.90	-1	
5807929291	SMP	1	462.60	567.88	462.60	567.88	-1	
5807937619	SMP	1	465.62	569.19	465.62	569.19	-1	
5807946058	SMP	1	465.67	569.28	465.67	569.28	-1	
5807954259	SMP	1	465.79	569.28	465.79	569.28	-1	
5807962632	SMP	1	467.49	569.51	467.49	569.51	-1	
5807971037	SMP	1	468.80	570.27	468.80	570.27	-1	
5807979279	SMP	1	468.82	572.03	468.82	572.03	-1	
5807987642	SMP	1	469.80	571.57	469.80	571.57	-1	
5807996065	SMP	1	470.88	570.62	470.88	570.62	-1	
5808004384	SMP	1	473.37	570.53	473.37	570.53	-1	
5808012774	SMP	1	475.42	573.85	475.42	573.85	-1	
5808021032	SMP	1	478.21	576.46	478.21	576.46	-1	
5808029422	SMP	1	479.61	576.76	479.61	576.76	-1	
5808037759	SMP	1	481.75	578.07	481.75	578.07	-1	
5808046062	SMP	1	482.76	585.06	482.76	585.06	-1	
5808054411	SMP	1	485.49	577.78	485.49	577.78	-1	
5808062820	SMP	1	485.39	579.57	485.39	579.57	-1	
5808071145	SMP	1	487.81	578.25	487.81	578.25	-1	
5808079415	SMP	1	489.39	573.81	489.39	573.81	-1	
5808087755	SMP	1	491.22	580.08	491.22	580.08	-1	
5808096162	SMP	1	491.98	578.05	491.98	578.05	-1	
5808104374	SMP	1	493.11	576.67	493.11	576.67	-1	
5808113237	SMP	1	494.43	577.22	494.43	577.22	-1	
5808121127	SMP	1	495.68	574.09	495.68	574.09	-1	
5808129554	SMP	1	496.02	572.01	496.02	572.01	-1	
5808137811	SMP	1	496.17	560.87	496.17	560.87	-1	
5808146152	SMP	1	496.13	563.14	496.13	563.14	-1	
5808154509	SMP	1	495.59	551.72	495.59	551.72	-1	
5808162880	SMP	1	501.37	538.73	501.37	538.73	-1	
5808171143	SMP	1	497.16	555.48	497.16	555.48	-1	
5808179532	SMP	1	498.78	539.32	498.78	539.32	-1	
5808187970	SMP	1	499.28	544.80	499.28	544.80	-1	
5808196275	SMP	1	499.91	536.11	499.91	536.11	-1	
5808204479	SMP	1	501.39	537.00	501.39	537.00	-1	
5808212914	SMP	1	501.78	532.32	501.78	532.32	-1	
5808221281	SMP	1	503.90	532.66	503.90	532.66	-1	
5808229628	SMP	1	501.86	534.59	501.86	534.59	-1	
5808237950	SMP	1	503.12	529.70	503.12	529.70	-1	
5808246269	SMP	1	505.26	532.80	505.26	532.80	-1	
5808254666	SMP	1	503.46	530.53	503.46	530.53	-1	
5808262880	SMP	1	504.72	529.02	504.72	529.02	-1	
5808271273	SMP	1	506.43	526.77	506.43	526.77	-1	
5808279641	SMP	1	508.66	530.49	508.66	530.49	-1	
5808287966	SMP	1	505.87	532.71	505.87	532.71	-1	
5808296243	SMP	1	509.31	478.24	509.31	478.24	-1	
5808304625	SMP	1	508.25	522.06	508.25	522.06	-1	
5808313056	SMP	1	508.64	474.58	508.64	474.58	-1	
5808321443	SMP	1	511.39	500.59	511.39	500.59	-1	
5808329690	SMP	1	509.79	543.75	509.79	543.75	-1	
5808337964	SMP	1	509.54	521.41	509.54	521.41	-1	
5808346421	SMP	1	509.90	514.57	509.90	514.57	-1	
5808354767	SMP	1	511.33	511.16	511.33	511.16	-1	
5808362999	SMP	1	508.71	538.21	508.71	538.21	-1	
5808371365	SMP	1	511.88	510.11	511.88	510.11	-1	
5808379822	SMP	1	510.94	521.00	510.94	521.00	-1	
5808388003	SMP	1	511.34	514.71	511.34	514.71	-1	
5808396413	SMP	1	515.09	493.81	515.09	493.81	-1	
5808404757	SMP	1	510.46	525.87	510.46	525.87	-1	
5808413152	SMP	1	511.73	520.27	511.73	520.27	-1	
5808421409	SMP	1	511.03	514.01	511.03	514.01	-1	
5808429848	SMP	1	510.70	526.65	510.70	526.65	-1	
5808438142	SMP	1	509.67	528.21	509.67	528.21	-1	
5808446549	SMP	1	513.47	535.23	513.47	535.23	-1	
5808454775	SMP	1	510.41	530.63	510.41	530.63	-1	
5808463134	SMP	1	512.23	525.14	512.23	525.14	-1	
5808471514	SMP	1	509.24	520.38	509.24	520.38	-1	
5808479912	SMP	1	508.87	528.88	508.87	528.88	-1	
5808488079	SMP	1	507.72	531.08	507.72	531.08	-1	
5808496576	SMP	1	508.01	526.15	508.01	526.15	-1	
5808504900	SMP	1	507.86	536.73	507.86	536.73	-1	
5808513319	SMP	1	508.54	533.41	508.54	533.41	-1	
5808521525	SMP	1	510.12	526.33	510.12	526.33	-1	
5808529904	SMP	1	510.88	516.53	510.88	516.53	-1	
5808538257	SMP	1	509.64	515.10	509.64	515.10	-1	
5808546558	SMP	1	510.16	535.50	510.16	535.50	-1	
5808554904	SMP	1	508.55	527.37	508.55	527.37	-1	
5808563301	SMP	1	509.00	523.05	509.00	523.05	-1	
5808571613	SMP	1	509.29	507.47	509.29	507.47	-1	
5808579909	SMP	1	509.03	510.34	509.03	510.34	-1	
5808588243	SMP	1	509.17	513.82	509.17	513.82	-1	
5808596640	SMP	1	508.98	509.61	508.98	509.61	-1	
5808604988	SMP	1	505.04	506.80	505.04	506.80	-1	
5808613287	SMP	1	506.16	509.60	506.16	509.60	-1	
5808621684	SMP	1	504.41	520.61	504.41	520.61	-1	
5808630039	SMP	1	504.05	516.39	504.05	516.39	-1	
5808638393	SMP	1	503.07	514.23	503.07	514.23	-1	
5808646657	SMP	1	501.34	522.43	501.34	522.43	-1	
5808655030	SMP	1	501.61	530.23	501.61	530.23	-1	
5808663357	SMP	1	500.64	515.63	500.64	515.63	-1	
5808671644	SMP	1	501.71	541.20	501.71	541.20	-1	
5808680619	SMP	1	504.58	515.10	504.58	515.10	-1	
5808688414	SMP	1	502.43	504.81	502.43	504.81	-1	
5808696869	SMP	1	501.46	514.76	501.46	514.76	-1	
5808704993	SMP	1	499.86	527.72	499.86	527.72	-1	
5808713423	SMP	1	500.65	516.94	500.65	516.94	-1	
5808721786	SMP	1	501.33	435.13	501.33	435.13	-1	
5808730160	SMP	1	506.33	505.59	506.33	505.59	-1	
5808738398	SMP	1	504.78	500.55	504.78	500.55	-1	
5808746876	SMP	1	502.20	517.90	502.20	517.90	-1	
5808755159	SMP	1	502.73	479.05	502.73	479.05	-1	
5808763496	SMP	1	508.32	500.23	508.32	500.23	-1	
5808771760	SMP	1	508.03	444.71	508.03	444.71	-1	
5808780206	SMP	1	503.40	441.06	503.40	441.06	-1	
5808788518	SMP	1	505.34	476.95	505.34	476.95	-1	
5808796975	SMP	1	513.37	492.67	513.37	492.67	-1	
5808805097	SMP	1	515.58	444.19	515.58	444.19	-1	
5808813727	SMP	1	513.51	492.41	513.51	492.41	-1	
5808821895	SMP	1	512.00	493.76	512.00	493.76	-1	
5808830125	SMP	1	517.75	460.80	517.75	460.80	-1	
5808838509	SMP	1	518.69	433.80	518.69	433.80	-1	
5808846912	SMP	1	522.13	492.12	522.13	492.12	-1	
5808855272	SMP	1	515.19	483.14	515.19	483.14	-1	
5808863502	SMP	1	513.73	472.39	513.73	472.39	-1	
5808871945	SMP	1	514.50	454.02	514.50	454.02	-1	
5808880288	SMP	1	514.01	497.61	514.01	497.61	-1	
5808888625	SMP	1	513.00	484.23	513.00	484.23	-1	
5808896940	SMP	1	511.72	480.67	511.72	480.67	-1	
5808905242	SMP	1	520.25	499.74	520.25	499.74	-1	
5808913639	SMP	1	739.89	483.89	739.89	483.89	-1	
5808921901	SMP	1	1030.44	490.51	1030.44	490.51	-1	
5808930244	SMP	1	1066.03	675.30	1066.03	675.30	-1	
5808938629	SMP	1	1150.42	1029.51	1150.42	1029.51	-1	
5808947043	SMP	1	0.00	0.00	0.00	0.00	-1	
5808955244	SMP	1	0.00	0.00	0.00	0.00	-1	
5808963608	SMP	1	0.00	0.00	0.00	0.00	-1	
5808971973	SMP	1	1565.40	1019.13	1565.40	1019.13	-1	
5808980445	SMP	1	1675.29	1201.18	1675.29	1201.18	-1	
5808988623	SMP	1	1665.63	809.65	1665.63	809.65	-1	
5808996985	SMP	1	1520.16	744.19	1520.16	744.19	-1	
5809005409	SMP	1	1634.25	682.72	1634.25	682.72	-1	
5809013803	SMP	1	1690.77	535.04	1690.77	535.04	-1	
5809022034	SMP	1	1512.22	648.97	1512.22	648.97	-1	
5809030377	SMP	1	1293.14	329.80	1293.14	329.80	-1	
5809038768	SMP	1	1498.27	461.10	1498.27	461.10	-1	
5809047139	SMP	1	1384.57	343.97	1384.57	343.97	-1	
5809055382	SMP	1	1384.35	340.09	1384.35	340.09	-1	
5809063782	SMP	1	1499.14	330.01	1499.14	330.01	-1	
5809072126	SMP	1	1457.76	349.18	1457.76	349.18	-1	
5809080393	SMP	1	1434.43	357.55	1434.43	357.55	-1	
5809088765	SMP	1	1489.67	377.11	1489.67	377.11	-1	
5809097126	SMP	1	1438.37	554.16	1438.37	554.16	-1	
5809105517	SMP	1	1442.70	429.19	1442.70	429.19	-1	
5809114261	SMP	1	1478.97	347.61	1478.97	347.61	-1	
5809122176	SMP	1	1405.14	467.71	1405.14	467.71	-1	
5809130510	SMP	1	1430.46	462.81	1430.46	462.81	-1	
5809138870	SMP	1	1424.94	438.17	1424.94	438.17	-1	
5809147157	SMP	1	1418.10	464.81	1418.10	464.81	-1	
5809155502	SMP	1	1468.25	457.52	1468.25	457.52	-1	
5809163854	SMP	1	1438.64	425.09	1438.64	425.09	-1	
5809172242	SMP	1	1417.22	537.14	1417.22	537.14	-1	
5809180518	SMP	1	1413.97	465.52	1413.97	465.52	-1	
5809188900	SMP	1	1409.42	474.26	1409.42	474.26	-1	
5809197246	SMP	1	1403.20	446.36	1403.20	446.36	-1	
5809205488	SMP	1	1406.78	392.68	1406.78	392.68	-1	
5809213924	SMP	1	1419.99	448.76	1419.99	448.76	-1	
5809222280	SMP	1	1406.20	363.27	1406.20	363.27	-1	
5809230620	SMP	1	1425.23	447.64	1425.23	447.64	-1	
5809238861	SMP	1	1399.87	440.64	1399.87	440.64	-1	
5809247272	SMP	1	1415.36	431.00	1415.36	431.00	-1	
5809255668	SMP	1	1393.90	524.48	1393.90	524.48	-1	
5809263942	SMP	1	1391.26	470.49	1391.26	470.49	-1	
5809272252	SMP	1	1387.98	482.83	1387.98	482.83	-1	
5809281271	SMP	1	1365.33	434.88	1365.33	434.88	-1	
5809288993	SMP	1	1382.96	459.59	1382.96	459.59	-1	
5809297359	SMP	1	1374.91	467.80	1374.91	467.80	-1	
5809305579	SMP	1	1363.62	488.31	1363.62	488.31	-1	
5809314509	SMP	1	1370.77	490.51	1370.77	490.51	-1	
5809322406	SMP	1	1376.07	498.67	1376.07	498.67	-1	
5809330604	SMP	1	1368.95	437.46	1368.95	437.46	-1	
5809338991	SMP	1	1362.13	441.67	1362.13	441.67	-1	
5809347406	SMP	1	1360.40	430.02	1360.40	430.02	-1	
5809355732	SMP	1	1361.57	426.39	1361.57	426.39	-1	
5809363979	SMP	1	1362.80	421.52	1362.80	421.52	-1	
5809372431	SMP	1	1367.07	497.06	1367.07	497.06	-1	
5809380743	SMP	1	1361.21	423.72	1361.21	423.72	-1	
5809389147	SMP	1	1359.11	413.29	1359.11	413.29	-1	
5809397375	SMP	1	1362.55	430.16	1362.55	430.16	-1	
5809405758	SMP	1	1368.22	542.54	1368.22	542.54	-1	
5809414178	SMP	1	1361.33	440.07	1361.33	440.07	-1	
5809422527	SMP	1	1360.11	415.85	1360.11	415.85	-1	
5809430727	SMP	1	1360.76	423.00	1360.76	423.00	-1	
5809439137	SMP	1	1360.65	431.94	1360.65	431.94	-1	
5809447505	SMP	1	1352.19	409.31	1352.19	409.31	-1	
5809455844	SMP	1	1355.41	423.94	1355.41	423.94	-1	
5809464101	SMP	1	1354.62	412.68	1354.62	412.68	-1	
5809472502	SMP	1	1369.83	545.29	1369.83	545.29	-1	
5809481364	SMP	1	1356.55	431.11	1356.55	431.11	-1	
5809489125	SMP	1	1360.71	405.28	1360.71	405.28	-1	
5809497557	SMP	1	1355.35	421.15	1355.35	421.15	-1	
5809505897	SMP	1	1347.43	412.51	1347.43	412.51	-1	
5809514280	SMP	1	1353.76	416.54	1353.76	416.54	-1	
5809522526	SMP	1	1356.96	400.83	1356.96	400.83	-1	
5809530891	SMP	1	1350.55	410.70	1350.55	410.70	-1	
5809539248	SMP	1	1348.43	409.38	1348.43	409.38	-1	
5809547645	SMP	1	1348.22	405.79	1348.22	405.79	-1	
5809555854	SMP	1	1344.75	406.27	1344.75	406.27	-1	
5809564271	SMP	1	1339.65	413.16	1339.65	413.16	-1	
5809572605	SMP	1	1333.97	413.47	1333.97	413.47	-1	
5809581039	SMP	1	1330.69	417.75	1330.69	417.75	-1	
5809589259	SMP	1	1328.61	413.47	1328.61	413.47	-1	
5809597591	SMP	1	1326.23	420.14	1326.23	420.14	-1	
5809605978	SMP	1	1320.05	413.20	1320.05	413.20	-1	
5809614296	SMP	1	1318.25	414.91	1318.25	414.91	-1	
5809622684	SMP	1	1315.03	414.98	1315.03	414.98	-1	
5809631010	SMP	1	1312.19	423.39	1312.19	423.39	-1	
5809639351	SMP	1	1310.18	437.95	1310.18	437.95	-1	
5809648615	SMP	1	1309.82	431.42	1309.82	431.42	-1	
5809656020	SMP	1	1307.89	439.20	1307.89	439.20	-1	
5809664315	SMP	1	1306.49	430.05	1306.49	430.05	-1	
5809672751	SMP	1	1306.46	418.43	1306.46	418.43	-1	
5809681024	SMP	1	1304.66	418.92	1304.66	418.92	-1	
5809689439	SMP	1	1303.97	429.40	1303.97	429.40	-1	
5809697836	SMP	1	1305.75	424.99	1305.75	424.99	-1	
5809706099	SMP	1	1305.83	423.50	1305.83	423.50	-1	
5809714390	SMP	1	1305.15	421.42	1305.15	421.42	-1	
5809722768	SMP	1	1304.79	424.21	1304.79	424.21	-1	
5809731100	SMP	1	1305.32	433.36	1305.32	433.36	-1	
5809739479	SMP	1	1304.79	447.00	1304.79	447.00	-1	
5809747719	SMP	1	1302.42	441.42	1302.42	441.42	-1	
5809756148	SMP	1	1300.86	449.18	1300.86	449.18	-1	
5809764483	SMP	1	1299.55	436.77	1299.55	436.77	-1	
5809772843	SMP	1	1299.34	458.77	1299.34	458.77	-1	
5809781101	SMP	1	1297.82	456.00	1297.82	456.00	-1	
5809789441	SMP	1	1294.30	427.81	1294.30	427.81	-1	
5809797884	SMP	1	1296.32	447.66	1296.32	447.66	-1	
5809806090	SMP	1	1291.17	446.50	1291.17	446.50	-1	
5809814797	SMP	1	1289.36	445.53	1289.36	445.53	-1	
5809822890	SMP	1	1284.95	430.53	1284.95	430.53	-1	
5809831221	SMP	1	1283.82	458.82	1283.82	458.82	-1	
5809839496	SMP	1	1287.17	432.75	1287.17	432.75	-1	
5809847993	SMP	1	1286.74	428.26	1286.74	428.26	-1	
5809856266	SMP	1	1284.24	447.63	1284.24	447.63	-1	
5809864546	SMP	1	1275.87	449.81	1275.87	449.81	-1	
5809872947	SMP	1	1276.11	449.56	1276.11	449.56	-1	
5809881737	SMP	1	1269.58	443.39	1269.58	443.39	-1	
5809889593	SMP	1	1274.00	455.27	1274.00	455.27	-1	
5809897892	SMP	1	1268.72	439.98	1268.72	439.98	-1	
5809906274	SMP	1	1266.30	454.72	1266.30	454.72	-1	
5809914627	SMP	1	1264.32	439.32	1264.32	439.32	-1	
5809923018	SMP	1	1257.48	445.77	1257.48	445.77	-1	
5809931209	SMP	1	1259.01	431.18	1259.01	431.18	-1	
5809939640	SMP	1	1257.03	450.45	1257.03	450.45	-1	
5809948204	SMP	1	1260.47	458.40	1260.47	458.40	-1	
5809956364	SMP	1	1255.27	456.89	1255.27	456.89	-1	
5809964599	SMP	1	1256.97	445.99	1256.97	445.99	-1	
5809972952	SMP	1	1253.54	467.27	1253.54	467.27	-1	
5809981394	SMP	1	1251.16	434.72	1251.16	434.72	-1	
5809989762	SMP	1	1248.60	485.49	1248.60	485.49	-1	
5809997969	SMP	1	1248.27	477.55	1248.27	477.55	-1	
5810006344	SMP	1	1245.98	438.07	1245.98	438.07	-1	
5810014832	SMP	1	1244.04	472.00	1244.04	472.00	-1	
5810023015	SMP	1	1240.72	457.96	1240.72	457.96	-1	
5810031388	SMP	1	1238.65	447.72	1238.65	447.72	-1	
5810039722	SMP	1	1238.27	459.24	1238.27	459.24	-1	
5810048154	SMP	1	1236.85	454.96	1236.85	454.96	-1	
5810056391	SMP	1	1234.64	462.00	1234.64	462.00	-1	
5810064750	SMP	1	1234.12	485.47	1234.12	485.47	-1	
5810073102	SMP	1	1233.27	463.83	1233.27	463.83	-1	
5810081941	SMP	1	1215.77	463.03	1215.77	463.03	-1	
5810089754	SMP	1	1057.51	462.00	1057.51	462.00	-1	
5810098086	SMP	1	913.22	468.38	913.22	468.38	-1	
5810106468	SMP	1	822.23	473.06	822.23	473.06	-1	
5810115140	SMP	1	677.15	513.15	677.15	513.15	-1	
5810123139	SMP	1	571.12	575.41	571.12	575.41	-1	
5810131462	SMP	1	504.34	594.14	504.34	594.14	-1	
5810139863	SMP	1	478.37	587.01	478.37	587.01	-1	
5810148124	SMP	1	498.23	605.92	498.23	605.92	-1	
5810156498	SMP	1	481.98	597.26	481.98	597.26	-1	
5810164835	SMP	1	483.51	595.48	483.51	595.48	-1	
5810173232	SMP	1	481.48	601.00	481.48	601.00	-1	
5810181560	SMP	1	476.31	602.09	476.31	602.09	-1	
5810189842	SMP	1	482.43	598.11	482.43	598.11	-1	
5810198200	SMP	1	479.33	602.35	479.33	602.35	-1	
5810206638	SMP	1	479.72	599.59	479.72	599.59	-1	
5810214882	SMP	1	478.72	602.40	478.72	602.40	-1	
5810223262	SMP	1	475.97	596.29	475.97	596.29	-1	
5810231594	SMP	1	478.44	592.22	478.44	592.22	-1	
5810240013	SMP	1	476.34	596.32	476.34	596.32	-1	
5810248770	SMP	1	476.63	590.86	476.63	590.86	-1	
5810256608	SMP	1	476.17	591.60	476.17	591.60	-1	
5810264955	SMP	1	474.64	596.13	474.64	596.13	-1	
5810273411	SMP	1	474.49	597.69	474.49	597.69	-1	
5810281636	SMP	1	472.44	597.83	472.44	597.83	-1	
5810289988	SMP	1	472.26	595.22	472.26	595.22	-1	
5810298358	SMP	1	471.55	594.60	471.55	594.60	-1	
5810306637	SMP	1	470.31	598.38	470.31	598.38	-1	
5810315025	SMP	1	470.48	601.14	470.48	601.14	-1	
5810323361	SMP	1	468.78	600.77	468.78	600.77	-1	
5810331763	SMP	1	468.30	593.10	468.30	593.10	-1	
5810340022	SMP	1	467.76	601.54	467.76	601.54	-1	
5810348523	SMP	1	464.50	598.06	464.50	598.06	-1	
5810356776	SMP	1	463.09	599.59	463.09	599.59	-1	
5810365108	SMP	1	461.72	596.95	461.72	596.95	-1	
5810373310	SMP	1	460.15	602.78	460.15	602.78	-1	
5810382529	SMP	1	461.42	595.22	461.42	595.22	-1	
5810390127	SMP	1	460.04	598.25	460.04	598.25	-1	
5810398514	SMP	1	459.38	597.82	459.38	597.82	-1	
5810406781	SMP	1	458.90	595.44	458.90	595.44	-1	
5810415209	SMP	1	457.43	598.25	457.43	598.25	-1	
5810423504	SMP	1	456.71	599.53	456.71	599.53	-1	
5810431719	SMP	1	455.59	598.62	455.59	598.62	-1	
5810440080	SMP	1	455.95	590.80	455.95	590.80	-1	
5810448484	SMP	1	455.78	602.74	455.78	602.74	-1	
5810456932	SMP	1	455.57	603.74	455.57	603.74	-1	
5810465089	SMP	1	457.13	592.95	457.13	592.95	-1	
5810473500	SMP	1	455.83	602.37	455.83	602.37	-1	
5810481886	SMP	1	456.55	592.94	456.55	592.94	-1	
5810490216	SMP	1	455.87	586.79	455.87	586.79	-1	
5810498465	SMP	1	455.18	586.69	455.18	586.69	-1	
5810506842	SMP	1	456.88	594.39	456.88	594.39	-1	
5810515322	SMP	1	457.65	579.48	457.65	579.48	-1	
5810523635	SMP	1	461.00	585.51	461.00	585.51	-1	
5810531837	SMP	1	469.64	579.57	469.64	579.57	-1	
5810540205	SMP	1	616.02	528.76	616.02	528.76	-1	
5810548594	SMP	1	718.75	465.39	718.75	465.39	-1	
5810557010	SMP	1	835.82	466.07	835.82	466.07	-1	
5810565226	SMP	1	939.75	440.63	939.75	440.63	-1	
5810573752	SMP	1	1038.25	438.38	1038.25	438.38	-1	
5810582535	SMP	1	1093.83	414.49	1093.83	414.49	-1	
5810590233	SMP	1	1085.65	424.16	1085.65	424.16	-1	
5810598608	SMP	1	1093.90	416.41	1093.90	416.41	-1	
5810606919	SMP	1	1097.86	421.64	1097.86	421.64	-1	
5810615933	SMP	1	1096.32	416.97	1096.32	416.97	-1	
5810623634	SMP	1	1099.46	425.93	1099.46	425.93	-1	
5810631951	SMP	1	1098.67	410.27	1098.67	410.27	-1	
5810640394	SMP	1	1096.33	415.85	1096.33	415.85	-1	
5810649282	SMP	1	1095.81	421.40	1095.81	421.40	-1	
5810656943	SMP	1	1094.01	405.20	1094.01	405.20	-1	
5810665315	SMP	1	1096.00	420.39	1096.00	420.39	-1	
5810673707	SMP	1	1096.06	413.88	1096.06	413.88	-1	
5810682125	SMP	1	1097.22	424.85	1097.22	424.85	-1	
5810690352	SMP	1	1096.89	413.83	1096.89	413.83	-1	
5810698800	SMP	1	1094.37	419.77	1094.37	419.77	-1	
5810707127	SMP	1	1095.27	420.54	1095.27	420.54	-1	
5810715686	SMP	1	1092.11	423.69	1092.11	423.69	-1	
5810723749	SMP	1	1092.87	425.09	1092.87	425.09	-1	
5810732082	SMP	1	1094.66	423.88	1094.66	423.88	-1	
5810740437	SMP	1	1094.29	421.41	1094.29	421.41	-1	
5810748909	SMP	1	1093.29	428.30	1093.29	428.30	-1	
5810757084	SMP	1	1093.69	426.23	1093.69	426.23	-1	
5810765460	SMP	1	1091.87	426.56	1091.87	426.56	-1	
5810773857	SMP	1	1089.74	425.13	1089.74	425.13	-1	
5810782217	SMP	1	1090.78	425.60	1090.78	425.60	-1	
5810790462	SMP	1	1089.66	428.87	1089.66	428.87	-1	
5810798855	SMP	1	1090.42	427.74	1090.42	427.74	-1	
5810807212	SMP	1	1091.88	424.85	1091.88	424.85	-1	
5810815475	SMP	1	1090.85	425.69	1090.85	425.69	-1	
5810823873	SMP	1	1088.31	426.49	1088.31	426.49	-1	
5810832205	SMP	1	1088.64	426.95	1088.64	426.95	-1	
5810840434	SMP	1	1088.34	426.10	1088.34	426.10	-1	
5810848857	SMP	1	1087.75	423.06	1087.75	423.06	-1	
5810857246	SMP	1	1087.45	422.80	1087.45	422.80	-1	
5810865567	SMP	1	1087.15	424.25	1087.15	424.25	-1	
5810873866	SMP	1	1085.40	422.61	1085.40	422.61	-1	
5810882243	SMP	1	1085.98	426.76	1085.98	426.76	-1	
5810890614	SMP	1	1085.82	422.51	1085.82	422.51	-1	
5810898956	SMP	1	1087.38	421.00	1087.38	421.00	-1	
5810907260	SMP	1	1088.06	419.80	1088.06	419.80	-1	
5810915607	SMP	1	1091.37	413.50	1091.37	413.50	-1	
5810923997	SMP	1	1094.54	411.80	1094.54	411.80	-1	
5810932327	SMP	1	1096.61	414.31	1096.61	414.31	-1	
5810940678	SMP	1	1096.98	416.62	1096.98	416.62	-1	
5810949103	SMP	1	1096.77	414.61	1096.77	414.61	-1	
5810957364	SMP	1	1097.12	424.27	1097.12	424.27	-1	
5810965520	SMP	1	1097.44	419.02	1097.44	419.02	-1	
5810973989	SMP	1	1097.33	418.93	1097.33	418.93	-1	
5810982374	SMP	1	1098.64	422.43	1098.64	422.43	-1	
5810990735	SMP	1	1096.06	419.35	1096.06	419.35	-1	
5810998974	SMP	1	1096.33	424.17	1096.33	424.17	-1	
5811007318	SMP	1	1096.17	424.21	1096.17	424.21	-1	
5811016298	SMP	1	1094.33	427.33	1094.33	427.33	-1	
5811024106	SMP	1	1092.80	425.66	1092.80	425.66	-1	
5811032381	SMP	1	1092.21	427.39	1092.21	427.39	-1	
5811040718	SMP	1	1091.44	429.82	1091.44	429.82	-1	
5811049089	SMP	1	1093.94	427.15	1093.94	427.15	-1	
5811057507	SMP	1	1094.22	425.99	1094.22	425.99	-1	
5811065681	SMP	1	1093.53	423.02	1093.53	423.02	-1	
5811074087	SMP	1	983.21	418.63	983.21	418.63	-1	
5811082909	SMP	1	848.05	420.22	848.05	420.22	-1	
5811090912	SMP	1	755.20	420.65	755.20	420.65	-1	
5811099098	SMP	1	651.57	436.79	651.57	436.79	-1	
5811107501	SMP	1	577.66	487.22	577.66	487.22	-1	
5811115857	SMP	1	574.04	461.50	574.04	461.50	-1	
5811124111	SMP	1	572.11	470.66	572.11	470.66	-1	
5811132438	SMP	1	565.45	493.70	565.45	493.70	-1	
5811140819	SMP	1	563.58	491.40	563.58	491.40	-1	
5811149226	SMP	1	566.59	495.24	566.59	495.24	-1	
5811157482	SMP	1	564.05	491.70	564.05	491.70	-1	
5811165773	SMP	1	564.21	487.87	564.21	487.87	-1	
5811174230	SMP	1	564.18	504.31	564.18	504.31	-1	
5811182645	SMP	1	562.97	497.10	562.97	497.10	-1	
5811190863	SMP	1	560.72	496.88	560.72	496.88	-1	
5811199197	SMP	1	559.30	490.01	559.30	490.01	-1	
5811207567	SMP	1	556.41	496.87	556.41	496.87	-1	
5811215968	SMP	1	557.13	501.43	557.13	501.43	-1	
5811224245	SMP	1	561.18	480.67	561.18	480.67	-1	
5811232586	SMP	1	559.36	496.60	559.36	496.60	-1	
5811240935	SMP	1	555.65	485.22	555.65	485.22	-1	
5811250387	SMP	1	557.70	503.43	557.70	503.43	-1	
5811257583	SMP	1	556.96	503.15	556.96	503.15	-1	
5811265943	SMP	1	556.03	499.62	556.03	499.62	-1	
5811274356	SMP	1	554.16	498.76	554.16	498.76	-1	
5811283060	SMP	1	552.40	498.86	552.40	498.86	-1	
5811290960	SMP	1	552.04	500.22	552.04	500.22	-1	
5811299349	SMP	1	552.38	496.35	552.38	496.35	-1	
5811307710	SMP	1	551.30	497.76	551.30	497.76	-1	
5811315989	SMP	1	547.94	497.96	547.94	497.96	-1	
5811324356	SMP	1	548.32	493.99	548.32	493.99	-1	
5811332678	SMP	1	549.40	493.20	549.40	493.20	-1	
5811341139	SMP	1	546.40	493.03	546.40	493.03	-1	
5811349324	SMP	1	547.16	494.63	547.16	494.63	-1	
5811357747	SMP	1	543.09	490.97	543.09	490.97	-1	
5811366055	SMP	1	540.30	492.17	540.30	492.17	-1	
5811374342	SMP	1	541.70	491.57	541.70	491.57	-1	
5811382761	SMP	1	541.95	490.27	541.95	490.27	-1	
5811391115	SMP	1	534.65	492.27	534.65	492.27	-1	
5811399447	SMP	1	535.76	487.98	535.76	487.98	-1	
5811407843	SMP	1	535.27	484.20	535.27	484.20	-1	
5811416110	SMP	1	500.40	489.11	500.40	489.11	-1	
5811424482	SMP	1	395.09	475.08	395.09	475.08	-1	
5811432803	SMP	1	377.58	479.42	377.58	479.42	-1	
5811441074	SMP	1	385.17	440.70	385.17	440.70	-1	
5811450029	SMP	1	377.67	463.22	377.67	463.22	-1	
5811457884	SMP	1	370.93	445.60	370.93	445.60	-1	
5811466180	SMP	1	376.04	460.57	376.04	460.57	-1	
5811474471	SMP	1	377.74	406.48	377.74	406.48	-1	
5811483349	SMP	1	374.62	451.50	374.62	451.50	-1	
5811491239	SMP	1	372.39	441.40	372.39	441.40	-1	
5811499592	SMP	1	369.97	442.80	369.97	442.80	-1	
5811507942	SMP	1	369.86	443.28	369.86	443.28	-1	
5811516227	SMP	1	367.60	440.10	367.60	440.10	-1	
5811524595	SMP	1	365.68	447.35	365.68	447.35	-1	
5811532785	SMP	1	365.62	447.00	365.62	447.00	-1	
5811541175	SMP	1	361.54	453.30	361.54	453.30	-1	
5811549753	SMP	1	362.21	448.97	362.21	448.97	-1	
5811557953	SMP	1	362.16	447.98	362.16	447.98	-1	
5811566182	SMP	1	360.75	446.12	360.75	446.12	-1	
5811574561	SMP	1	359.96	450.82	359.96	450.82	-1	
5811582973	SMP	1	358.68	447.40	358.68	447.40	-1	
5811591360	SMP	1	359.54	444.89	359.54	444.89	-1	
5811599585	SMP	1	358.44	442.91	358.44	442.91	-1	
5811607957	SMP	1	357.98	452.55	357.98	452.55	-1	
5811616358	SMP	1	357.15	444.02	357.15	444.02	-1	
5811624739	SMP	1	355.35	439.11	355.35	439.11	-1	
5811632937	SMP	1	355.46	442.63	355.46	442.63	-1	
5811641337	SMP	1	356.05	438.91	356.05	438.91	-1	
5811649711	SMP	1	353.32	438.52	353.32	438.52	-1	
5811657952	SMP	1	352.58	440.79	352.58	440.79	-1	
5811666289	SMP	1	352.41	440.35	352.41	440.35	-1	
5811674713	SMP	1	351.39	444.42	351.39	444.42	-1	
5811683390	SMP	1	348.11	440.21	348.11	440.21	-1	
5811691358	SMP	1	347.48	442.21	347.48	442.21	-1	
5811699698	SMP	1	345.70	441.38	345.70	441.38	-1	
5811708034	SMP	1	344.57	445.54	344.57	445.54	-1	
5811716467	SMP	1	345.19	437.39	345.19	437.39	-1	
5811724840	SMP	1	341.81	442.07	341.81	442.07	-1	
5811733062	SMP	1	341.18	442.86	341.18	442.86	-1	
5811741393	SMP	1	340.58	442.97	340.58	442.97	-1	
5811749885	SMP	1	340.03	448.58	340.03	448.58	-1	
5811758099	SMP	1	338.37	443.85	338.37	443.85	-1	
5811766427	SMP	1	339.32	443.75	339.32	443.75	-1	
5811774863	SMP	1	338.75	450.95	338.75	450.95	-1	
5811783088	SMP	1	338.69	444.03	338.69	444.03	-1	
5811791413	SMP	1	337.66	444.66	337.66	444.66	-1	
5811799836	SMP	1	338.43	440.28	338.43	440.28	-1	
5811808175	SMP	1	337.70	448.24	337.70	448.24	-1	
5811816464	SMP	1	337.79	447.36	337.79	447.36	-1	
5811824846	SMP	1	338.29	441.70	338.29	441.70	-1	
5811833165	SMP	1	337.21	447.09	337.21	447.09	-1	
5811841572	SMP	1	336.45	441.62	336.45	441.62	-1	
5811849866	SMP	1	337.81	445.88	337.81	445.88	-1	
5811858215	SMP	1	336.63	448.23	336.63	448.23	-1	
5811866535	SMP	1	337.49	445.51	337.49	445.51	-1	
5811874958	SMP	1	338.43	451.12	338.43	451.12	-1	
5811883607	SMP	1	338.95	449.32	338.95	449.32	-1	
5811891569	SMP	1	338.45	450.58	338.45	450.58	-1	
5811899975	SMP	1	337.93	452.27	337.93	452.27	-1	
5811908318	SMP	1	337.13	442.16	337.13	442.16	-1	
5811916810	SMP	1	336.67	455.41	336.67	455.41	-1	
5811924980	SMP	1	337.37	455.59	337.37	455.59	-1	
5811933332	SMP	1	337.60	449.24	337.60	449.24	-1	
5811941504	SMP	1	337.22	453.75	337.22	453.75	-1	
5811949969	SMP	1	336.19	455.74	336.19	455.74	-1	
5811958367	SMP	1	333.93	455.58	333.93	455.58	-1	
5811966672	SMP	1	335.23	448.06	335.23	448.06	-1	
5811974958	SMP	1	333.04	444.40	333.04	444.40	-1	
5811983365	SMP	1	334.51	451.05	334.51	451.05	-1	
5811991717	SMP	1	335.50	442.58	335.50	442.58	-1	
5812000077	SMP	1	337.34	446.71	337.34	446.71	-1	
5812008299	SMP	1	340.75	448.21	340.75	448.21	-1	
5812016730	SMP	1	339.30	445.44	339.30	445.44	-1	
5812025098	SMP	1	338.80	442.24	338.80	442.24	-1	
5812033392	SMP	1	340.39	450.57	340.39	450.57	-1	
5812041675	SMP	1	342.34	446.47	342.34	446.47	-1	
5812050651	SMP	1	343.64	440.92	343.64	440.92	-1	
5812058474	SMP	1	342.43	452.95	342.43	452.95	-1	
5812066662	SMP	1	342.75	443.53	342.75	443.53	-1	
5812075123	SMP	1	342.57	447.38	342.57	447.38	-1	
5812083448	SMP	1	342.53	448.53	342.53	448.53	-1	
5812091840	SMP	1	340.70	447.84	340.70	447.84	-1	
5812100068	SMP	1	340.45	456.70	340.45	456.70	-1	
5812108429	SMP	1	340.83	451.77	340.83	451.77	-1	
5812116841	SMP	1	364.32	446.55	364.32	446.55	-1	
5812125204	SMP	1	347.77	559.13	347.77	559.13	-1	
5812133417	SMP	1	274.57	715.94	274.57	715.94	-1	
5812141777	SMP	1	202.19	1029.35	202.19	1029.35	-1	
5812150496	SMP	1	0.00	0.00	0.00	0.00	-1	
5812158592	SMP	1	0.00	0.00	0.00	0.00	-1	
5812166868	SMP	1	0.00	0.00	0.00	0.00	-1	
5812175202	SMP	1	0.00	0.00	0.00	0.00	-1	
5812183598	SMP	1	0.00	0.00	0.00	0.00	-1	
5812191839	SMP	1	0.00	0.00	0.00	0.00	-1	
5812200181	SMP	1	0.00	0.00	0.00	0.00	-1	
5812208590	SMP	1	0.00	0.00	0.00	0.00	-1	
5812216968	SMP	1	0.00	0.00	0.00	0.00	-1	
5812225203	SMP	1	0.00	0.00	0.00	0.00	-1	
5812233524	SMP	1	0.00	0.00	0.00	0.00	-1	
5812241996	SMP	1	0.00	0.00	0.00	0.00	-1	
5812250895	SMP	1	0.00	0.00	0.00	0.00	-1	
5812258566	SMP	1	0.00	0.00	0.00	0.00	-1	
5812266921	SMP	1	1372.33	793.91	1372.33	793.91	-1	
5812275336	SMP	1	1290.71	616.29	1290.71	616.29	-1	
5812283722	SMP	1	1331.74	639.13	1331.74	639.13	-1	
5812291958	SMP	1	1182.16	545.34	1182.16	545.34	-1	
5812300315	SMP	1	1180.65	533.90	1180.65	533.90	-1	
5812308720	SMP	1	1150.08	531.50	1150.08	531.50	-1	
5812317078	SMP	1	1179.42	524.45	1179.42	524.45	-1	
5812325324	SMP	1	1176.00	514.89	1176.00	514.89	-1	
5812333703	SMP	1	1153.81	455.51	1153.81	455.51	-1	
5812342023	SMP	1	1132.49	448.63	1132.49	448.63	-1	
